frame, face_id, timestamp, confidence, success, pose_Tx, pose_Ty, pose_Tz, pose_Rx, pose_Ry, pose_Rz, AU01_r, AU02_r, AU04_r, AU05_r, AU06_r, AU07_r, AU09_r, AU10_r, AU12_r, AU14_r, AU15_r, AU17_r, AU20_r, AU23_r, AU25_r, AU26_r, AU45_r, AU01_c, AU02_c, AU04_c, AU05_c, AU06_c, AU07_c, AU09_c, AU10_c, AU12_c, AU14_c, AU15_c, AU17_c, AU20_c, AU23_c, AU25_c, AU26_c, AU28_c, AU45_c
1,  0,  0.000,  0.98,  1,  2.9,  -16.3,  392.0,  0.238,  0.009,  0.083, 0.92, 0.20, 0.00, 0.58, 0.21, 0.76, 0.00, 0.10, 1.22, 0.00, 0.00, 0.00, 0.00, 0.00, 0.93, 0.56, 0.00, 1.00, 0.00, 0.00, 0.00, 0.00, 1.00, 0.00, 1.00, 1.00, 0.00, 0.00, 0.00, 0.00, 0.00, 1.00, 0.00, 0.00, 0.00
2,  0,  0.033,  0.98,  1,  2.4,  -17.1,  392.2,  0.234,  0.004,  0.093, 0.85, 0.09, 0.00, 0.78, 0.26, 0.70, 0.00, 0.18, 1.30, 0.00, 0.00, 0.00, 0.00, 0.00, 0.97, 0.47, 0.00, 1.00, 0.00, 0.00, 0.00, 1.00, 1.00, 0.00, 1.00, 1.00, 0.00, 0.00, 0.00, 0.00, 0.00, 1.00, 1.00, 0.00, 0.00
3,  0,  0.067,  0.98,  1,  2.0,  -17.8,  391.9,  0.235,  0.004,  0.095, 0.69, 0.09, 0.00, 0.83, 0.30, 0.68, 0.00, 0.27, 1.39, 0.00, 0.00, 0.00, 0.00, 0.00, 1.07, 0.46, 0.00, 1.00, 0.00, 0.00, 0.00, 0.00, 1.00, 0.00, 1.00, 1.00, 0.00, 0.00, 0.00, 0.00, 0.00, 1.00, 1.00, 0.00, 0.00
4,  0,  0.100,  0.98,  1,  1.4,  -18.3,  392.7,  0.237,  0.004,  0.098, 0.54, 0.07, 0.00, 0.75, 0.34, 0.74, 0.00, 0.34, 1.49, 0.00, 0.00, 0.00, 0.00, 0.00, 1.17, 0.43, 0.00, 0.00, 0.00, 0.00, 0.00, 1.00, 1.00, 0.00, 1.00, 1.00, 0.00, 0.00, 0.00, 0.00, 0.00, 1.00, 1.00, 0.00, 0.00
5,  0,  0.133,  0.98,  1,  0.9,  -18.5,  392.7,  0.235,  0.001,  0.097, 0.33, 0.07, 0.00, 0.54, 0.40, 0.75, 0.00, 0.41, 1.62, 0.00, 0.00, 0.00, 0.00, 0.00, 1.27, 0.50, 0.00, 0.00, 0.00, 0.00, 0.00, 1.00, 1.00, 0.00, 1.00, 1.00, 0.00, 0.00, 0.00, 0.00, 0.00, 1.00, 1.00, 0.00, 0.00
6,  0,  0.167,  0.98,  1,  0.3,  -18.7,  393.6,  0.240,  -0.001,  0.099, 0.21, 0.00, 0.00, 0.47, 0.49, 0.83, 0.00, 0.54, 1.71, 0.00, 0.00, 0.00, 0.00, 0.01, 1.37, 0.57, 0.00, 0.00, 0.00, 0.00, 0.00, 1.00, 1.00, 0.00, 1.00, 1.00, 0.00, 0.00, 0.00, 0.00, 0.00, 1.00, 1.00, 0.00, 0.00
7,  0,  0.200,  0.98,  1,  -0.4,  -19.3,  394.5,  0.242,  -0.001,  0.098, 0.08, 0.00, 0.00, 0.46, 0.61, 0.86, 0.00, 0.66, 1.81, 0.00, 0.00, 0.00, 0.00, 0.01, 1.40, 0.70, 0.00, 0.00, 0.00, 0.00, 0.00, 1.00, 1.00, 0.00, 1.00, 1.00, 0.00, 0.00, 0.00, 0.00, 0.00, 1.00, 1.00, 0.00, 0.00
8,  0,  0.234,  0.98,  1,  -1.0,  -20.7,  396.7,  0.229,  -0.002,  0.101, 0.08, 0.00, 0.00, 0.74, 0.72, 1.01, 0.00, 0.75, 1.86, 0.00, 0.00, 0.00, 0.00, 0.01, 1.33, 0.71, 0.00, 0.00, 0.00, 0.00, 0.00, 1.00, 1.00, 0.00, 1.00, 1.00, 0.00, 0.00, 0.00, 0.00, 0.00, 1.00, 1.00, 0.00, 0.00
9,  0,  0.267,  0.98,  1,  -1.4,  -22.7,  397.2,  0.208,  0.001,  0.101, 0.05, 0.00, 0.00, 0.80, 0.78, 0.97, 0.00, 0.75, 1.92, 0.00, 0.00, 0.00, 0.00, 0.00, 1.20, 0.72, 0.00, 0.00, 0.00, 0.00, 0.00, 1.00, 1.00, 0.00, 1.00, 1.00, 0.00, 0.00, 0.00, 0.00, 0.00, 1.00, 1.00, 0.00, 0.00
10,  0,  0.300,  0.98,  1,  -1.4,  -24.6,  398.3,  0.206,  -0.001,  0.101, 0.04, 0.00, 0.00, 0.78, 0.82, 0.98, 0.00, 0.77, 1.97, 0.00, 0.01, 0.00, 0.03, 0.00, 1.25, 0.76, 0.00, 0.00, 0.00, 0.00, 0.00, 1.00, 1.00, 0.00, 1.00, 1.00, 0.00, 0.00, 0.00, 0.00, 0.00, 1.00, 1.00, 0.00, 0.00
11,  0,  0.334,  0.98,  1,  -1.2,  -26.3,  399.2,  0.202,  -0.002,  0.103, 0.00, 0.07, 0.00, 0.59, 0.90, 1.00, 0.00, 0.72, 2.02, 0.00, 0.03, 0.00, 0.03, 0.00, 1.34, 0.71, 0.00, 0.00, 0.00, 0.00, 0.00, 1.00, 1.00, 0.00, 1.00, 1.00, 0.00, 0.00, 0.00, 0.00, 0.00, 1.00, 1.00, 0.00, 0.00
12,  0,  0.367,  0.98,  1,  -0.7,  -27.6,  400.2,  0.189,  0.001,  0.104, 0.00, 0.07, 0.00, 0.55, 0.95, 1.05, 0.00, 0.71, 2.09, 0.00, 0.06, 0.00, 0.03, 0.00, 1.43, 0.67, 0.00, 0.00, 0.00, 0.00, 0.00, 1.00, 1.00, 0.00, 1.00, 1.00, 0.00, 0.00, 0.00, 0.00, 0.00, 1.00, 1.00, 0.00, 0.00
13,  0,  0.400,  0.98,  1,  -0.4,  -28.5,  401.4,  0.187,  0.003,  0.108, 0.00, 0.07, 0.00, 0.35, 1.00, 1.23, 0.02, 0.65, 2.13, 0.00, 0.10, 0.00, 0.00, 0.00, 1.41, 0.55, 0.00, 0.00, 0.00, 0.00, 0.00, 1.00, 1.00, 0.00, 1.00, 1.00, 0.00, 0.00, 0.00, 0.00, 0.00, 1.00, 1.00, 0.00, 0.00
14,  0,  0.434,  0.98,  1,  -0.7,  -29.0,  402.4,  0.176,  0.008,  0.110, 0.00, 0.00, 0.00, 0.23, 1.02, 1.23, 0.03, 0.69, 2.16, 0.00, 0.17, 0.00, 0.02, 0.00, 1.46, 0.52, 0.00, 0.00, 0.00, 0.00, 0.00, 1.00, 1.00, 0.00, 1.00, 1.00, 0.00, 0.00, 0.00, 0.00, 0.00, 1.00, 0.00, 0.00, 0.00
15,  0,  0.467,  0.98,  1,  -1.1,  -28.9,  403.1,  0.183,  0.014,  0.112, 0.00, 0.00, 0.00, 0.03, 1.06, 1.40, 0.05, 0.64, 2.17, 0.00, 0.21, 0.00, 0.02, 0.00, 1.49, 0.43, 0.00, 0.00, 0.00, 0.00, 0.00, 1.00, 1.00, 0.00, 1.00, 1.00, 0.00, 0.00, 0.00, 0.00, 0.00, 1.00, 0.00, 0.00, 0.00
16,  0,  0.501,  0.98,  1,  -1.5,  -28.6,  403.5,  0.183,  0.017,  0.110, 0.00, 0.00, 0.00, 0.03, 1.07, 1.37, 0.07, 0.58, 2.17, 0.00, 0.27, 0.00, 0.03, 0.00, 1.51, 0.26, 0.00, 0.00, 0.00, 0.00, 0.00, 1.00, 1.00, 0.00, 1.00, 1.00, 0.00, 0.00, 0.00, 0.00, 0.00, 1.00, 0.00, 0.00, 0.00
17,  0,  0.534,  0.98,  1,  -1.7,  -28.5,  404.7,  0.185,  0.021,  0.107, 0.00, 0.00, 0.00, 0.00, 1.05, 1.47, 0.06, 0.51, 2.14, 0.00, 0.26, 0.00, 0.09, 0.00, 1.48, 0.23, 0.00, 0.00, 0.00, 0.00, 0.00, 1.00, 1.00, 0.00, 1.00, 1.00, 0.00, 0.00, 0.00, 0.00, 0.00, 1.00, 0.00, 0.00, 0.00
18,  0,  0.567,  0.98,  1,  -2.2,  -28.2,  404.8,  0.186,  0.025,  0.101, 0.00, 0.00, 0.00, 0.00, 0.98, 1.50, 0.04, 0.32, 2.08, 0.00, 0.18, 0.00, 0.12, 0.07, 1.24, 0.24, 0.00, 0.00, 0.00, 0.00, 0.00, 1.00, 1.00, 0.00, 1.00, 1.00, 0.00, 0.00, 0.00, 0.00, 0.00, 1.00, 0.00, 0.00, 0.00
19,  0,  0.601,  0.98,  1,  -2.5,  -28.0,  406.0,  0.190,  0.033,  0.094, 0.00, 0.00, 0.00, 0.04, 0.89, 1.39, 0.00, 0.16, 2.02, 0.02, 0.09, 0.11, 0.31, 0.30, 0.76, 0.25, 0.00, 0.00, 0.00, 0.00, 0.00, 1.00, 1.00, 0.00, 1.00, 1.00, 0.00, 0.00, 0.00, 0.00, 0.00, 1.00, 0.00, 0.00, 0.00
20,  0,  0.634,  0.98,  1,  -2.7,  -28.3,  406.2,  0.179,  0.037,  0.088, 0.00, 0.00, 0.00, 0.04, 0.79, 1.26, 0.00, 0.00, 1.95, 0.02, 0.11, 0.27, 0.36, 0.51, 0.31, 0.14, 0.00, 0.00, 0.00, 0.00, 0.00, 1.00, 1.00, 0.00, 0.00, 1.00, 0.00, 0.00, 0.00, 1.00, 0.00, 0.00, 0.00, 0.00, 0.00
21,  0,  0.667,  0.98,  1,  -2.6,  -28.0,  405.3,  0.187,  0.041,  0.083, 0.00, 0.01, 0.00, 0.04, 0.67, 1.04, 0.00, 0.00, 1.78, 0.02, 0.16, 0.45, 0.51, 0.53, 0.10, 0.01, 0.00, 0.00, 0.00, 0.00, 0.00, 1.00, 1.00, 0.00, 0.00, 1.00, 0.00, 0.00, 0.00, 1.00, 0.00, 0.00, 0.00, 0.00, 0.00
22,  0,  0.701,  0.98,  1,  -2.0,  -27.1,  402.4,  0.197,  0.053,  0.078, 0.00, 0.01, 0.00, 0.04, 0.58, 1.00, 0.00, 0.00, 1.59, 0.00, 0.24, 0.47, 0.66, 0.35, 0.10, 0.03, 0.00, 0.00, 0.00, 0.00, 0.00, 1.00, 1.00, 0.00, 0.00, 1.00, 0.00, 0.00, 0.00, 1.00, 0.00, 0.00, 0.00, 0.00, 0.00
23,  0,  0.734,  0.98,  1,  -1.1,  -25.8,  399.8,  0.199,  0.061,  0.075, 0.00, 0.01, 0.00, 0.04, 0.46, 0.96, 0.00, 0.00, 1.35, 0.00, 0.24, 0.60, 0.76, 0.27, 0.05, 0.14, 0.00, 0.00, 0.00, 0.00, 0.00, 1.00, 1.00, 0.00, 0.00, 1.00, 0.00, 0.00, 0.00, 1.00, 0.00, 0.00, 0.00, 0.00, 0.00
24,  0,  0.767,  0.98,  1,  0.4,  -24.2,  396.1,  0.196,  0.069,  0.072, 0.00, 0.00, 0.00, 0.04, 0.37, 0.96, 0.00, 0.00, 1.24, 0.00, 0.24, 0.78, 0.67, 0.31, 0.00, 0.26, 0.00, 0.00, 0.00, 0.00, 0.00, 1.00, 1.00, 0.00, 0.00, 1.00, 0.00, 0.00, 1.00, 1.00, 0.00, 0.00, 0.00, 0.00, 0.00
25,  0,  0.801,  0.98,  1,  2.1,  -22.4,  392.7,  0.198,  0.070,  0.068, 0.00, 0.03, 0.00, 0.00, 0.33, 0.92, 0.00, 0.00, 1.17, 0.00, 0.22, 0.96, 0.39, 0.35, 0.00, 0.43, 0.00, 0.00, 0.00, 0.00, 0.00, 1.00, 1.00, 0.00, 0.00, 1.00, 0.00, 0.00, 1.00, 0.00, 0.00, 0.00, 0.00, 0.00, 0.00
26,  0,  0.834,  0.98,  1,  3.5,  -20.3,  388.8,  0.203,  0.070,  0.064, 0.00, 0.03, 0.00, 0.00, 0.43, 1.00, 0.00, 0.00, 1.23, 0.00, 0.25, 0.86, 0.15, 0.29, 0.07, 0.45, 0.00, 0.00, 0.00, 0.00, 0.00, 1.00, 1.00, 0.00, 0.00, 1.00, 0.00, 0.00, 1.00, 0.00, 0.00, 0.00, 0.00, 0.00, 0.00
27,  0,  0.868,  0.98,  1,  5.0,  -18.4,  386.2,  0.210,  0.072,  0.059, 0.00, 0.03, 0.00, 0.00, 0.55, 1.08, 0.00, 0.03, 1.34, 0.00, 0.26, 0.65, 0.08, 0.23, 0.27, 0.58, 0.00, 0.00, 0.00, 0.00, 0.00, 1.00, 1.00, 0.00, 0.00, 1.00, 0.00, 0.00, 1.00, 0.00, 0.00, 0.00, 0.00, 0.00, 0.00
28,  0,  0.901,  0.98,  1,  5.8,  -17.0,  382.4,  0.201,  0.070,  0.053, 0.00, 0.00, 0.00, 0.00, 0.68, 1.25, 0.05, 0.08, 1.39, 0.00, 0.22, 0.37, 0.00, 0.14, 0.63, 0.74, 0.00, 0.00, 0.00, 0.00, 0.00, 1.00, 1.00, 0.00, 1.00, 1.00, 0.00, 0.00, 0.00, 0.00, 0.00, 1.00, 0.00, 0.00, 0.00
29,  0,  0.934,  0.98,  1,  6.4,  -16.2,  378.6,  0.185,  0.073,  0.049, 0.00, 0.00, 0.00, 0.00, 0.72, 1.33, 0.16, 0.21, 1.44, 0.00, 0.17, 0.20, 0.00, 0.09, 0.91, 0.94, 0.00, 0.00, 0.00, 0.00, 0.00, 1.00, 1.00, 0.00, 1.00, 1.00, 0.00, 0.00, 0.00, 0.00, 0.00, 1.00, 0.00, 0.00, 0.00
30,  0,  0.968,  0.98,  1,  7.2,  -16.1,  376.0,  0.183,  0.076,  0.041, 0.00, 0.00, 0.00, 0.00, 0.77, 1.32, 0.29, 0.28, 1.53, 0.00, 0.13, 0.05, 0.00, 0.06, 1.11, 0.93, 0.00, 0.00, 0.00, 0.00, 0.00, 1.00, 1.00, 1.00, 1.00, 1.00, 0.00, 0.00, 0.00, 0.00, 0.00, 1.00, 0.00, 0.00, 0.00
31,  0,  1.001,  0.98,  1,  8.2,  -16.8,  374.2,  0.182,  0.077,  0.034, 0.00, 0.00, 0.00, 0.00, 0.78, 1.34, 0.34, 0.32, 1.70, 0.00, 0.08, 0.06, 0.00, 0.12, 1.03, 0.77, 0.00, 0.00, 0.00, 0.00, 0.00, 1.00, 1.00, 1.00, 1.00, 1.00, 0.00, 0.00, 0.00, 0.00, 0.00, 1.00, 0.00, 0.00, 0.00
32,  0,  1.034,  0.98,  1,  9.1,  -17.3,  372.0,  0.185,  0.082,  0.030, 0.00, 0.00, 0.00, 0.00, 0.77, 1.28, 0.33, 0.22, 1.81, 0.00, 0.07, 0.04, 0.00, 0.18, 0.91, 0.52, 0.00, 0.00, 0.00, 0.00, 0.00, 1.00, 1.00, 1.00, 1.00, 1.00, 0.00, 0.00, 0.00, 0.00, 0.00, 1.00, 0.00, 0.00, 0.00
33,  0,  1.068,  0.98,  1,  9.9,  -17.8,  370.2,  0.187,  0.086,  0.033, 0.00, 0.00, 0.00, 0.00, 0.78, 1.50, 0.31, 0.18, 1.86, 0.00, 0.09, 0.04, 0.00, 0.21, 0.77, 0.35, 0.00, 0.00, 0.00, 0.00, 0.00, 1.00, 1.00, 1.00, 1.00, 1.00, 0.00, 0.00, 0.00, 0.00, 0.00, 1.00, 0.00, 0.00, 0.00
34,  0,  1.101,  0.98,  1,  10.4,  -17.6,  366.9,  0.189,  0.091,  0.033, 0.00, 0.00, 0.00, 0.00, 0.80, 1.48, 0.28, 0.14, 1.90, 0.00, 0.09, 0.00, 0.00, 0.20, 0.74, 0.16, 0.00, 0.00, 0.00, 0.00, 0.00, 1.00, 1.00, 1.00, 1.00, 1.00, 0.00, 0.00, 0.00, 0.00, 0.00, 1.00, 0.00, 0.00, 0.00
35,  0,  1.134,  0.98,  1,  10.8,  -17.0,  365.5,  0.188,  0.096,  0.036, 0.00, 0.00, 0.00, 0.00, 0.80, 1.55, 0.23, 0.14, 1.92, 0.00, 0.07, 0.00, 0.00, 0.16, 0.86, 0.10, 0.00, 0.00, 0.00, 0.00, 0.00, 1.00, 1.00, 1.00, 1.00, 1.00, 0.00, 0.00, 0.00, 0.00, 0.00, 1.00, 0.00, 0.00, 0.00
36,  0,  1.168,  0.98,  1,  11.2,  -15.7,  363.4,  0.199,  0.098,  0.038, 0.00, 0.00, 0.00, 0.00, 0.79, 1.31, 0.19, 0.16, 1.89, 0.00, 0.07, 0.00, 0.00, 0.10, 0.97, 0.07, 0.00, 0.00, 0.00, 0.00, 0.00, 1.00, 1.00, 0.00, 1.00, 1.00, 0.00, 0.00, 0.00, 0.00, 0.00, 1.00, 0.00, 0.00, 0.00
37,  0,  1.201,  0.98,  1,  11.7,  -13.9,  362.4,  0.214,  0.100,  0.041, 0.00, 0.00, 0.00, 0.00, 0.80, 1.31, 0.18, 0.23, 1.85, 0.00, 0.08, 0.10, 0.00, 0.05, 1.01, 0.22, 0.00, 0.00, 0.00, 0.00, 0.00, 1.00, 1.00, 0.00, 1.00, 1.00, 0.00, 0.00, 0.00, 0.00, 0.00, 1.00, 0.00, 0.00, 0.00
38,  0,  1.235,  0.98,  1,  12.1,  -12.3,  361.8,  0.230,  0.100,  0.042, 0.00, 0.00, 0.00, 0.00, 0.84, 1.27, 0.20, 0.34, 1.80, 0.00, 0.06, 0.20, 0.00, 0.01, 0.93, 0.41, 0.00, 0.00, 0.00, 0.00, 0.00, 1.00, 1.00, 0.00, 1.00, 1.00, 0.00, 0.00, 0.00, 0.00, 0.00, 1.00, 0.00, 0.00, 0.00
39,  0,  1.268,  0.98,  1,  12.1,  -11.4,  361.2,  0.223,  0.105,  0.041, 0.00, 0.00, 0.00, 0.00, 0.87, 1.35, 0.22, 0.42, 1.78, 0.00, 0.03, 0.35, 0.00, 0.01, 0.83, 0.47, 0.00, 0.00, 0.00, 0.00, 0.00, 1.00, 1.00, 0.00, 1.00, 1.00, 0.00, 0.00, 0.00, 0.00, 0.00, 1.00, 0.00, 0.00, 0.00
40,  0,  1.301,  0.98,  1,  12.2,  -11.0,  361.7,  0.221,  0.106,  0.040, 0.00, 0.00, 0.00, 0.00, 0.83, 1.42, 0.19, 0.42, 1.73, 0.00, 0.02, 0.42, 0.00, 0.00, 0.75, 0.30, 0.00, 0.00, 0.00, 0.00, 0.00, 1.00, 1.00, 0.00, 1.00, 1.00, 0.00, 0.00, 0.00, 0.00, 0.00, 1.00, 0.00, 0.00, 0.00
41,  0,  1.335,  0.98,  1,  12.1,  -11.5,  364.6,  0.218,  0.110,  0.038, 0.00, 0.00, 0.00, 0.00, 0.76, 1.54, 0.12, 0.35, 1.70, 0.00, 0.02, 0.50, 0.00, 0.07, 0.57, 0.09, 0.00, 0.00, 0.00, 0.00, 0.00, 1.00, 1.00, 0.00, 1.00, 1.00, 0.00, 0.00, 0.00, 0.00, 0.00, 1.00, 0.00, 0.00, 0.00
42,  0,  1.368,  0.98,  1,  12.0,  -12.5,  367.0,  0.210,  0.109,  0.037, 0.00, 0.00, 0.00, 0.00, 0.64, 1.46, 0.04, 0.22, 1.65, 0.00, 0.00, 0.71, 0.00, 0.32, 0.30, 0.00, 0.00, 0.00, 0.00, 0.00, 0.00, 1.00, 1.00, 0.00, 1.00, 1.00, 0.00, 0.00, 0.00, 0.00, 0.00, 0.00, 0.00, 0.00, 0.00
43,  0,  1.401,  0.98,  1,  11.8,  -13.9,  370.0,  0.190,  0.111,  0.036, 0.00, 0.00, 0.00, 0.00, 0.57, 1.30, 0.01, 0.12, 1.58, 0.00, 0.06, 0.91, 0.05, 0.56, 0.08, 0.00, 0.00, 0.00, 0.00, 0.00, 0.00, 1.00, 1.00, 0.00, 0.00, 1.00, 0.00, 0.00, 1.00, 0.00, 0.00, 0.00, 0.00, 0.00, 0.00
44,  0,  1.435,  0.98,  1,  11.6,  -14.7,  372.9,  0.188,  0.115,  0.033, 0.00, 0.00, 0.00, 0.00, 0.52, 1.15, 0.00, 0.09, 1.55, 0.00, 0.10, 1.10, 0.10, 0.72, 0.00, 0.00, 0.00, 0.00, 0.00, 0.00, 0.00, 1.00, 1.00, 0.00, 0.00, 1.00, 0.00, 0.00, 1.00, 0.00, 0.00, 0.00, 0.00, 0.00, 0.00
45,  0,  1.468,  0.98,  1,  10.9,  -14.9,  373.9,  0.188,  0.118,  0.033, 0.00, 0.00, 0.00, 0.00, 0.48, 1.11, 0.00, 0.06, 1.46, 0.00, 0.15, 1.13, 0.15, 0.65, 0.00, 0.07, 0.00, 0.00, 0.00, 0.00, 0.00, 1.00, 1.00, 0.00, 0.00, 1.00, 0.00, 0.00, 1.00, 0.00, 0.00, 0.00, 0.00, 0.00, 0.00
46,  0,  1.502,  0.98,  1,  9.6,  -14.9,  374.6,  0.183,  0.128,  0.031, 0.00, 0.00, 0.00, 0.00, 0.45, 1.10, 0.04, 0.03, 1.40, 0.00, 0.21, 1.10, 0.19, 0.59, 0.00, 0.22, 0.00, 0.00, 0.00, 0.00, 0.00, 1.00, 1.00, 0.00, 0.00, 1.00, 0.00, 0.00, 1.00, 0.00, 0.00, 0.00, 0.00, 0.00, 0.00
47,  0,  1.535,  0.98,  1,  8.2,  -14.9,  374.8,  0.186,  0.130,  0.030, 0.00, 0.00, 0.00, 0.02, 0.41, 0.93, 0.07, 0.00, 1.31, 0.00, 0.20, 1.02, 0.14, 0.56, 0.00, 0.25, 0.00, 0.00, 0.00, 0.00, 0.00, 1.00, 1.00, 0.00, 0.00, 1.00, 0.00, 0.00, 1.00, 0.00, 0.00, 0.00, 0.00, 0.00, 0.00
48,  0,  1.568,  0.98,  1,  6.9,  -14.8,  373.2,  0.186,  0.128,  0.029, 0.00, 0.00, 0.00, 0.02, 0.43, 0.98, 0.13, 0.08, 1.32, 0.00, 0.22, 0.81, 0.09, 0.38, 0.26, 0.44, 0.00, 0.00, 0.00, 0.00, 0.00, 1.00, 1.00, 0.00, 0.00, 1.00, 0.00, 0.00, 1.00, 0.00, 0.00, 0.00, 0.00, 0.00, 0.00
49,  0,  1.602,  0.98,  1,  5.7,  -14.5,  373.3,  0.191,  0.134,  0.029, 0.00, 0.00, 0.00, 0.02, 0.41, 1.03, 0.19, 0.21, 1.33, 0.00, 0.23, 0.61, 0.00, 0.19, 0.51, 0.62, 0.00, 0.00, 0.00, 0.00, 0.00, 1.00, 1.00, 0.00, 1.00, 1.00, 0.00, 0.00, 1.00, 0.00, 0.00, 1.00, 0.00, 0.00, 0.00
50,  0,  1.635,  0.98,  1,  4.7,  -14.1,  373.6,  0.194,  0.131,  0.031, 0.00, 0.00, 0.00, 0.00, 0.45, 1.11, 0.24, 0.39, 1.40, 0.00, 0.31, 0.48, 0.00, 0.00, 0.84, 0.82, 0.00, 0.00, 0.00, 0.00, 0.00, 1.00, 1.00, 0.00, 1.00, 1.00, 0.00, 0.00, 0.00, 0.00, 0.00, 1.00, 0.00, 0.00, 0.00
51,  0,  1.668,  0.98,  1,  3.9,  -13.5,  374.8,  0.206,  0.123,  0.029, 0.00, 0.00, 0.00, 0.00, 0.55, 1.26, 0.29, 0.47, 1.50, 0.00, 0.25, 0.41, 0.00, 0.00, 0.96, 0.66, 0.00, 0.00, 0.00, 0.00, 0.00, 1.00, 1.00, 0.00, 1.00, 1.00, 0.00, 0.00, 0.00, 0.00, 0.00, 1.00, 0.00, 0.00, 0.00
52,  0,  1.702,  0.98,  1,  3.4,  -12.6,  375.1,  0.229,  0.109,  0.024, 0.00, 0.00, 0.00, 0.00, 0.64, 1.29, 0.30, 0.45, 1.59, 0.00, 0.21, 0.40, 0.00, 0.04, 1.11, 0.48, 0.00, 0.00, 0.00, 0.00, 0.00, 1.00, 1.00, 0.00, 1.00, 1.00, 0.00, 0.00, 0.00, 0.00, 0.00, 1.00, 0.00, 0.00, 0.00
53,  0,  1.735,  0.98,  1,  2.5,  -11.8,  374.1,  0.241,  0.100,  0.020, 0.00, 0.00, 0.00, 0.00, 0.72, 1.44, 0.27, 0.46, 1.66, 0.00, 0.16, 0.32, 0.00, 0.08, 1.20, 0.34, 0.00, 0.00, 0.00, 0.00, 0.00, 1.00, 1.00, 0.00, 1.00, 1.00, 0.00, 0.00, 0.00, 0.00, 0.00, 1.00, 0.00, 0.00, 0.00
54,  0,  1.768,  0.98,  1,  1.4,  -10.8,  371.6,  0.244,  0.099,  0.021, 0.00, 0.00, 0.00, 0.00, 0.75, 1.50, 0.24, 0.55, 1.65, 0.00, 0.15, 0.29, 0.00, 0.08, 1.20, 0.34, 0.00, 0.00, 0.00, 0.00, 0.00, 1.00, 1.00, 0.00, 1.00, 1.00, 0.00, 0.00, 0.00, 0.00, 0.00, 1.00, 0.00, 0.00, 0.00
55,  0,  1.802,  0.93,  1,  0.4,  -10.2,  369.2,  0.239,  0.097,  0.024, 0.00, 0.00, 0.00, 0.00, 0.77, 1.56, 0.22, 0.63, 1.63, 0.00, 0.07, 0.25, 0.00, 0.07, 1.21, 0.26, 0.00, 0.00, 0.00, 0.00, 0.00, 1.00, 1.00, 0.00, 1.00, 1.00, 0.00, 0.00, 0.00, 0.00, 0.00, 1.00, 0.00, 0.00, 0.00
56,  0,  1.835,  0.93,  1,  -0.5,  -9.5,  366.2,  0.238,  0.094,  0.027, 0.00, 0.00, 0.00, 0.00, 0.77, 1.56, 0.19, 0.65, 1.59, 0.00, 0.02, 0.29, 0.00, 0.03, 1.11, 0.18, 0.00, 0.00, 0.00, 0.00, 0.00, 1.00, 1.00, 0.00, 1.00, 1.00, 0.00, 0.00, 0.00, 0.00, 0.00, 1.00, 0.00, 0.00, 0.00
57,  0,  1.869,  0.93,  1,  -1.5,  -8.6,  363.8,  0.228,  0.095,  0.031, 0.00, 0.00, 0.00, 0.00, 0.73, 1.34, 0.16, 0.55, 1.55, 0.00, 0.10, 0.30, 0.00, 0.03, 1.03, 0.14, 0.00, 0.00, 0.00, 0.00, 0.00, 1.00, 1.00, 0.00, 1.00, 1.00, 0.00, 0.00, 0.00, 0.00, 0.00, 1.00, 0.00, 0.00, 0.00
58,  0,  1.902,  0.93,  1,  -2.7,  -7.6,  361.5,  0.227,  0.097,  0.031, 0.02, 0.00, 0.00, 0.00, 0.72, 1.21, 0.10, 0.56, 1.55, 0.00, 0.15, 0.29, 0.00, 0.03, 0.89, 0.07, 0.00, 0.00, 0.00, 0.00, 0.00, 1.00, 1.00, 0.00, 1.00, 1.00, 0.00, 0.00, 0.00, 0.00, 0.00, 1.00, 0.00, 0.00, 0.00
59,  0,  1.935,  0.93,  1,  -4.0,  -7.0,  358.0,  0.223,  0.097,  0.031, 0.02, 0.00, 0.00, 0.00, 0.72, 1.16, 0.06, 0.53, 1.52, 0.00, 0.17, 0.31, 0.00, 0.05, 0.89, 0.05, 0.00, 0.00, 0.00, 0.00, 0.00, 1.00, 1.00, 0.00, 1.00, 1.00, 0.00, 0.00, 0.00, 0.00, 0.00, 1.00, 0.00, 0.00, 0.00
60,  0,  1.969,  0.93,  1,  -5.4,  -6.6,  354.2,  0.212,  0.100,  0.034, 0.02, 0.00, 0.00, 0.00, 0.73, 1.17, 0.02, 0.58, 1.55, 0.00, 0.15, 0.33, 0.00, 0.04, 0.95, 0.06, 0.00, 0.00, 0.00, 0.00, 0.00, 1.00, 1.00, 0.00, 1.00, 1.00, 0.00, 0.00, 0.00, 0.00, 0.00, 1.00, 0.00, 0.00, 0.00
61,  0,  2.002,  0.98,  1,  -6.5,  -6.2,  351.2,  0.210,  0.107,  0.037, 0.04, 0.00, 0.00, 0.00, 0.72, 1.27, 0.00, 0.54, 1.61, 0.00, 0.18, 0.34, 0.00, 0.06, 1.01, 0.06, 0.00, 0.00, 0.00, 0.00, 0.00, 1.00, 1.00, 0.00, 1.00, 1.00, 0.00, 0.00, 0.00, 0.00, 0.00, 1.00, 0.00, 0.00, 0.00
62,  0,  2.035,  0.98,  1,  -7.3,  -5.7,  348.0,  0.209,  0.105,  0.040, 0.04, 0.00, 0.00, 0.00, 0.72, 1.31, 0.00, 0.55, 1.68, 0.00, 0.20, 0.35, 0.00, 0.06, 1.05, 0.06, 0.00, 0.00, 0.00, 0.00, 0.00, 1.00, 1.00, 0.00, 1.00, 1.00, 0.00, 0.00, 0.00, 0.00, 0.00, 1.00, 0.00, 0.00, 0.00
63,  0,  2.069,  0.98,  1,  -7.8,  -5.1,  346.1,  0.215,  0.106,  0.043, 0.04, 0.00, 0.00, 0.00, 0.74, 1.34, 0.00, 0.53, 1.74, 0.00, 0.18, 0.31, 0.00, 0.08, 1.04, 0.00, 0.00, 0.00, 0.00, 0.00, 0.00, 1.00, 1.00, 0.00, 1.00, 1.00, 0.00, 0.00, 0.00, 0.00, 0.00, 1.00, 0.00, 0.00, 0.00
64,  0,  2.102,  0.98,  1,  -8.1,  -4.1,  343.4,  0.226,  0.104,  0.045, 0.00, 0.00, 0.00, 0.00, 0.75, 1.40, 0.00, 0.58, 1.75, 0.00, 0.10, 0.25, 0.00, 0.07, 1.04, 0.00, 0.00, 0.00, 0.00, 0.00, 0.00, 1.00, 1.00, 0.00, 1.00, 1.00, 0.00, 0.00, 0.00, 0.00, 0.00, 1.00, 0.00, 0.00, 0.00
65,  0,  2.135,  0.98,  1,  -8.2,  -3.1,  341.9,  0.231,  0.103,  0.046, 0.00, 0.00, 0.00, 0.00, 0.74, 1.48, 0.00, 0.55, 1.75, 0.00, 0.04, 0.22, 0.00, 0.07, 1.03, 0.04, 0.00, 0.00, 0.00, 0.00, 0.00, 1.00, 1.00, 0.00, 1.00, 1.00, 0.00, 0.00, 0.00, 0.00, 0.00, 1.00, 0.00, 0.00, 0.00
66,  0,  2.169,  0.93,  1,  -8.1,  -2.2,  340.6,  0.238,  0.102,  0.047, 0.00, 0.00, 0.00, 0.00, 0.76, 1.73, 0.00, 0.62, 1.73, 0.00, 0.06, 0.20, 0.00, 0.05, 1.05, 0.07, 0.00, 0.00, 0.00, 0.00, 0.00, 1.00, 1.00, 0.00, 1.00, 1.00, 0.00, 0.00, 0.00, 0.00, 0.00, 1.00, 0.00, 0.00, 0.00
67,  0,  2.202,  0.98,  1,  -7.7,  -1.4,  339.5,  0.244,  0.098,  0.048, 0.00, 0.00, 0.00, 0.00, 0.75, 1.80, 0.00, 0.65, 1.72, 0.00, 0.08, 0.19, 0.00, 0.04, 1.04, 0.07, 0.00, 0.00, 0.00, 0.00, 0.00, 1.00, 1.00, 0.00, 1.00, 1.00, 0.00, 0.00, 0.00, 0.00, 0.00, 1.00, 0.00, 0.00, 0.00
68,  0,  2.236,  0.98,  1,  -7.2,  -0.7,  338.9,  0.250,  0.096,  0.051, 0.00, 0.00, 0.00, 0.00, 0.77, 1.81, 0.00, 0.75, 1.74, 0.00, 0.07, 0.19, 0.00, 0.05, 1.04, 0.03, 0.00, 0.00, 0.00, 0.00, 0.00, 1.00, 1.00, 0.00, 1.00, 1.00, 0.00, 0.00, 0.00, 0.00, 0.00, 1.00, 0.00, 0.00, 0.00
69,  0,  2.269,  0.98,  1,  -6.5,  -0.3,  338.7,  0.253,  0.094,  0.055, 0.00, 0.00, 0.00, 0.00, 0.78, 1.72, 0.00, 0.76, 1.77, 0.00, 0.02, 0.13, 0.00, 0.09, 1.01, 0.00, 0.00, 0.00, 0.00, 0.00, 0.00, 1.00, 1.00, 0.00, 1.00, 1.00, 0.00, 0.00, 0.00, 0.00, 0.00, 1.00, 0.00, 0.00, 0.00
70,  0,  2.302,  0.93,  1,  -5.9,  -0.0,  338.8,  0.255,  0.088,  0.059, 0.00, 0.00, 0.00, 0.00, 0.81, 1.68, 0.00, 0.78, 1.82, 0.00, 0.00, 0.13, 0.00, 0.15, 0.99, 0.00, 0.00, 0.00, 0.00, 0.00, 0.00, 1.00, 1.00, 0.00, 1.00, 1.00, 0.00, 0.00, 0.00, 0.00, 0.00, 1.00, 0.00, 0.00, 0.00
71,  0,  2.336,  0.98,  1,  -5.3,  0.1,  338.8,  0.252,  0.088,  0.060, 0.00, 0.00, 0.00, 0.00, 0.83, 1.62, 0.00, 0.79, 1.85, 0.00, 0.00, 0.08, 0.00, 0.20, 1.03, 0.00, 0.00, 0.00, 0.00, 0.00, 0.00, 1.00, 1.00, 0.00, 1.00, 1.00, 0.00, 0.00, 0.00, 0.00, 0.00, 1.00, 0.00, 0.00, 0.00
72,  0,  2.369,  0.98,  1,  -4.9,  -0.1,  339.2,  0.253,  0.089,  0.061, 0.00, 0.00, 0.00, 0.00, 0.81, 1.63, 0.00, 0.80, 1.88, 0.00, 0.03, 0.08, 0.00, 0.23, 1.08, 0.00, 0.00, 0.00, 0.00, 0.00, 0.00, 1.00, 1.00, 0.00, 1.00, 1.00, 0.00, 0.00, 0.00, 0.00, 0.00, 1.00, 0.00, 0.00, 0.00
73,  0,  2.402,  0.98,  1,  -4.4,  -0.3,  340.0,  0.254,  0.088,  0.062, 0.00, 0.00, 0.00, 0.00, 0.82, 1.52, 0.00, 0.81, 1.93, 0.00, 0.04, 0.07, 0.00, 0.23, 1.14, 0.00, 0.00, 0.00, 0.00, 0.00, 0.00, 1.00, 1.00, 0.00, 1.00, 1.00, 0.00, 0.00, 0.00, 0.00, 0.00, 1.00, 0.00, 0.00, 0.00
74,  0,  2.436,  0.98,  1,  -4.0,  -0.2,  340.8,  0.256,  0.091,  0.063, 0.00, 0.00, 0.00, 0.00, 0.80, 1.52, 0.00, 0.80, 1.97, 0.00, 0.07, 0.11, 0.00, 0.24, 1.09, 0.00, 0.00, 0.00, 0.00, 0.00, 0.00, 1.00, 1.00, 0.00, 1.00, 1.00, 0.00, 0.00, 0.00, 0.00, 0.00, 1.00, 0.00, 0.00, 0.00
75,  0,  2.469,  0.93,  1,  -3.4,  -0.1,  341.4,  0.258,  0.087,  0.063, 0.00, 0.00, 0.00, 0.00, 0.90, 1.61, 0.03, 0.74, 1.95, 0.00, 0.11, 0.14, 0.00, 0.17, 1.13, 0.12, 0.00, 0.00, 0.00, 0.00, 0.00, 1.00, 1.00, 0.00, 1.00, 1.00, 0.00, 0.00, 0.00, 0.00, 0.00, 1.00, 0.00, 0.00, 0.00
76,  0,  2.503,  0.93,  1,  -2.4,  0.0,  345.0,  0.258,  0.085,  0.058, 0.00, 0.00, 0.00, 0.00, 1.04, 1.89, 0.18, 0.82, 1.88, 0.00, 0.12, 0.17, 0.00, 0.09, 1.17, 0.37, 0.14, 0.00, 0.00, 0.00, 0.00, 1.00, 1.00, 0.00, 1.00, 1.00, 0.00, 0.00, 0.00, 0.00, 0.00, 1.00, 0.00, 0.00, 0.00
77,  0,  2.536,  0.93,  1,  -1.1,  0.5,  343.6,  0.246,  0.075,  0.060, 0.00, 0.00, 0.00, 0.00, 1.14, 1.92, 0.35, 0.89, 1.81, 0.00, 0.08, 0.20, 0.00, 0.00, 1.20, 0.68, 0.61, 0.00, 0.00, 0.00, 0.00, 1.00, 1.00, 1.00, 1.00, 1.00, 0.00, 0.00, 0.00, 0.00, 0.00, 1.00, 0.00, 0.00, 1.00
78,  0,  2.569,  0.93,  1,  0.4,  1.4,  342.0,  0.239,  0.055,  0.063, 0.00, 0.00, 0.00, 0.00, 1.20, 1.72, 0.51, 1.01, 1.80, 0.00, 0.06, 0.36, 0.00, 0.00, 1.14, 0.95, 1.23, 0.00, 0.00, 0.00, 0.00, 1.00, 1.00, 1.00, 1.00, 1.00, 0.00, 0.00, 0.00, 0.00, 0.00, 1.00, 0.00, 0.00, 1.00
79,  0,  2.603,  0.93,  1,  2.4,  3.2,  344.2,  0.248,  0.039,  0.067, 0.00, 0.00, 0.00, 0.00, 1.13, 1.40, 0.55, 1.07, 1.82, 0.01, 0.11, 0.46, 0.00, 0.00, 1.08, 1.05, 1.77, 0.00, 0.00, 0.00, 0.00, 1.00, 1.00, 1.00, 1.00, 1.00, 0.00, 0.00, 0.00, 0.00, 0.00, 1.00, 0.00, 0.00, 1.00
80,  0,  2.636,  0.88,  1,  4.7,  5.9,  345.0,  0.254,  0.018,  0.072, 0.00, 0.00, 0.00, 0.00, 1.17, 1.25, 0.48, 1.21, 1.92, 0.15, 0.11, 0.49, 0.00, 0.01, 1.00, 1.08, 2.20, 0.00, 0.00, 0.00, 0.00, 1.00, 1.00, 1.00, 1.00, 1.00, 0.00, 0.00, 0.00, 0.00, 0.00, 0.00, 0.00, 0.00, 1.00
81,  0,  2.669,  0.88,  1,  7.6,  8.5,  343.7,  0.265,  -0.006,  0.082, 0.00, 0.00, 0.00, 0.00, 1.14, 1.16, 0.36, 1.31, 2.00, 0.32, 0.07, 0.43, 0.00, 0.01, 0.83, 0.94, 2.31, 0.00, 0.00, 0.00, 0.00, 1.00, 1.00, 1.00, 1.00, 1.00, 1.00, 0.00, 0.00, 0.00, 0.00, 0.00, 0.00, 0.00, 1.00
82,  0,  2.703,  0.88,  1,  10.7,  10.7,  345.7,  0.276,  -0.025,  0.089, 0.00, 0.00, 0.00, 0.00, 1.25, 1.23, 0.29, 1.36, 2.17, 0.51, 0.00, 0.28, 0.00, 0.01, 0.84, 0.88, 2.48, 0.00, 0.00, 0.00, 0.00, 1.00, 1.00, 1.00, 1.00, 1.00, 1.00, 0.00, 0.00, 0.00, 0.00, 0.00, 0.00, 0.00, 1.00
83,  0,  2.736,  0.88,  1,  14.0,  12.7,  346.6,  0.292,  -0.043,  0.099, 0.00, 0.00, 0.00, 0.00, 1.28, 1.16, 0.27, 1.28, 2.32, 0.62, 0.00, 0.13, 0.00, 0.00, 0.89, 0.75, 2.15, 0.00, 0.00, 0.00, 0.00, 1.00, 1.00, 1.00, 1.00, 1.00, 1.00, 0.00, 0.00, 0.00, 0.00, 0.00, 0.00, 0.00, 1.00
84,  0,  2.769,  0.88,  1,  17.8,  14.3,  349.6,  0.306,  -0.071,  0.109, 0.00, 0.00, 0.00, 0.00, 1.34, 1.06, 0.20, 1.21, 2.60, 0.83, 0.00, 0.01, 0.00, 0.00, 1.08, 0.55, 1.85, 0.00, 0.00, 0.00, 0.00, 1.00, 1.00, 0.00, 1.00, 1.00, 1.00, 0.00, 0.00, 0.00, 0.00, 0.00, 0.00, 0.00, 1.00
85,  0,  2.803,  0.88,  1,  21.9,  15.6,  354.2,  0.326,  -0.098,  0.127, 0.00, 0.00, 0.00, 0.00, 1.34, 0.91, 0.17, 1.22, 2.76, 1.07, 0.00, 0.00, 0.00, 0.00, 1.11, 0.26, 1.43, 0.00, 0.00, 0.00, 0.00, 1.00, 1.00, 0.00, 1.00, 1.00, 1.00, 0.00, 0.00, 0.00, 0.00, 0.00, 0.00, 0.00, 1.00
86,  0,  2.836,  0.98,  1,  26.0,  16.2,  351.3,  0.319,  -0.131,  0.127, 0.00, 0.00, 0.00, 0.00, 1.46, 1.04, 0.14, 1.39, 2.89, 1.31, 0.00, 0.00, 0.00, 0.00, 1.12, 0.06, 1.25, 0.00, 0.00, 0.00, 0.00, 1.00, 1.00, 0.00, 1.00, 1.00, 1.00, 0.00, 0.00, 0.00, 0.00, 0.00, 0.00, 0.00, 1.00
87,  0,  2.870,  0.98,  1,  29.8,  17.0,  351.6,  0.319,  -0.146,  0.110, 0.00, 0.00, 0.00, 0.00, 1.71, 1.32, 0.16, 1.62, 2.96, 1.49, 0.00, 0.00, 0.00, 0.00, 1.04, 0.00, 1.16, 0.00, 0.00, 0.00, 0.00, 1.00, 1.00, 0.00, 1.00, 1.00, 1.00, 0.00, 0.00, 0.00, 0.00, 0.00, 0.00, 0.00, 1.00
88,  0,  2.903,  0.98,  1,  32.5,  17.8,  351.7,  0.339,  -0.158,  0.116, 0.00, 0.00, 0.00, 0.00, 1.91, 1.49, 0.11, 1.71, 3.03, 1.58, 0.00, 0.00, 0.00, 0.00, 0.90, 0.00, 1.06, 0.00, 0.00, 0.00, 0.00, 1.00, 1.00, 0.00, 1.00, 1.00, 1.00, 0.00, 0.00, 0.00, 0.00, 0.00, 0.00, 0.00, 1.00
89,  0,  2.936,  0.98,  1,  34.9,  18.6,  352.2,  0.346,  -0.163,  0.124, 0.00, 0.00, 0.00, 0.00, 2.00, 1.54, 0.15, 1.73, 3.07, 1.70, 0.00, 0.00, 0.00, 0.00, 0.82, 0.00, 0.92, 0.00, 0.00, 0.00, 0.00, 1.00, 1.00, 0.00, 1.00, 1.00, 1.00, 0.00, 0.00, 0.00, 0.00, 0.00, 0.00, 0.00, 1.00
90,  0,  2.970,  0.98,  1,  36.8,  19.7,  351.7,  0.357,  -0.164,  0.133, 0.00, 0.00, 0.00, 0.00, 2.00, 1.56, 0.19, 1.75, 3.10, 1.71, 0.00, 0.00, 0.00, 0.00, 0.69, 0.00, 0.81, 0.00, 0.00, 0.00, 0.00, 1.00, 1.00, 0.00, 1.00, 1.00, 1.00, 0.00, 0.00, 0.00, 0.00, 0.00, 0.00, 0.00, 1.00
91,  0,  3.003,  0.98,  1,  38.7,  20.6,  351.4,  0.360,  -0.163,  0.144, 0.00, 0.00, 0.00, 0.00, 2.00, 1.70, 0.21, 1.84, 3.16, 1.76, 0.00, 0.00, 0.00, 0.00, 0.64, 0.00, 0.64, 0.00, 0.00, 0.00, 0.00, 1.00, 1.00, 0.00, 1.00, 1.00, 1.00, 0.00, 0.00, 0.00, 0.00, 0.00, 0.00, 0.00, 1.00
92,  0,  3.036,  0.98,  1,  40.3,  21.6,  350.0,  0.368,  -0.159,  0.153, 0.00, 0.00, 0.00, 0.00, 2.05, 1.79, 0.15, 1.90, 3.22, 1.84, 0.00, 0.00, 0.00, 0.00, 0.56, 0.00, 0.52, 0.00, 0.00, 0.00, 0.00, 1.00, 1.00, 0.00, 1.00, 1.00, 1.00, 0.00, 0.00, 0.00, 0.00, 0.00, 0.00, 0.00, 1.00
93,  0,  3.070,  0.98,  1,  41.5,  22.7,  347.7,  0.369,  -0.153,  0.161, 0.00, 0.00, 0.00, 0.00, 2.09, 1.87, 0.17, 1.88, 3.24, 1.89, 0.00, 0.00, 0.00, 0.00, 0.50, 0.00, 0.47, 0.00, 0.00, 0.00, 0.00, 1.00, 1.00, 0.00, 1.00, 1.00, 1.00, 0.00, 0.00, 0.00, 0.00, 0.00, 0.00, 0.00, 1.00
94,  0,  3.103,  0.98,  1,  42.6,  24.2,  345.3,  0.369,  -0.152,  0.171, 0.00, 0.00, 0.00, 0.00, 2.14, 1.95, 0.22, 1.84, 3.24, 1.98, 0.00, 0.00, 0.00, 0.00, 0.42, 0.00, 0.39, 0.00, 0.00, 0.00, 0.00, 1.00, 1.00, 0.00, 1.00, 1.00, 1.00, 0.00, 0.00, 0.00, 0.00, 0.00, 0.00, 0.00, 1.00
95,  0,  3.136,  0.98,  1,  43.2,  26.0,  342.8,  0.381,  -0.147,  0.178, 0.00, 0.00, 0.00, 0.00, 2.17, 2.02, 0.24, 1.76, 3.24, 1.94, 0.00, 0.00, 0.00, 0.00, 0.36, 0.00, 0.36, 0.00, 0.00, 0.00, 0.00, 1.00, 1.00, 0.00, 1.00, 1.00, 1.00, 0.00, 0.00, 0.00, 0.00, 0.00, 0.00, 0.00, 1.00
96,  0,  3.170,  0.98,  1,  43.6,  28.0,  340.7,  0.384,  -0.141,  0.185, 0.00, 0.00, 0.00, 0.00, 2.15, 2.03, 0.19, 1.72, 3.19, 2.07, 0.00, 0.00, 0.00, 0.00, 0.34, 0.00, 0.34, 0.00, 0.00, 0.00, 0.00, 1.00, 1.00, 0.00, 1.00, 1.00, 1.00, 0.00, 0.00, 0.00, 0.00, 0.00, 0.00, 0.00, 1.00
97,  0,  3.203,  0.98,  1,  43.7,  29.8,  339.2,  0.388,  -0.138,  0.191, 0.00, 0.00, 0.00, 0.00, 2.14, 1.98, 0.09, 1.67, 3.14, 2.10, 0.00, 0.00, 0.00, 0.00, 0.32, 0.00, 0.40, 0.00, 0.00, 0.00, 0.00, 1.00, 1.00, 0.00, 1.00, 1.00, 1.00, 0.00, 0.00, 0.00, 0.00, 0.00, 0.00, 0.00, 1.00
98,  0,  3.237,  0.98,  1,  43.8,  31.2,  337.2,  0.398,  -0.131,  0.193, 0.00, 0.00, 0.11, 0.00, 2.12, 1.88, 0.12, 1.63, 3.07, 2.12, 0.00, 0.00, 0.00, 0.00, 0.31, 0.00, 0.56, 0.00, 0.00, 0.00, 0.00, 1.00, 1.00, 0.00, 1.00, 1.00, 1.00, 0.00, 0.00, 0.00, 0.00, 0.00, 0.00, 0.00, 1.00
99,  0,  3.270,  0.98,  1,  43.7,  31.9,  335.2,  0.397,  -0.131,  0.196, 0.00, 0.00, 0.11, 0.00, 2.10, 1.87, 0.14, 1.61, 3.07, 2.08, 0.00, 0.00, 0.00, 0.00, 0.29, 0.00, 0.55, 0.00, 0.00, 0.00, 0.00, 1.00, 1.00, 0.00, 1.00, 1.00, 1.00, 0.00, 0.00, 0.00, 0.00, 0.00, 0.00, 0.00, 1.00
100,  0,  3.303,  0.98,  1,  43.6,  32.4,  333.7,  0.400,  -0.128,  0.201, 0.00, 0.00, 0.11, 0.00, 2.10, 1.78, 0.15, 1.64, 3.06, 2.14, 0.00, 0.00, 0.00, 0.00, 0.31, 0.00, 0.61, 0.00, 0.00, 0.00, 0.00, 1.00, 1.00, 0.00, 1.00, 1.00, 1.00, 0.00, 0.00, 0.00, 0.00, 0.00, 0.00, 0.00, 1.00
101,  0,  3.337,  0.98,  1,  43.3,  32.8,  332.6,  0.402,  -0.123,  0.204, 0.00, 0.00, 0.00, 0.00, 2.10, 1.82, 0.12, 1.70, 3.06, 2.19, 0.00, 0.00, 0.00, 0.02, 0.27, 0.00, 0.55, 0.00, 0.00, 0.00, 0.00, 1.00, 1.00, 0.00, 1.00, 1.00, 1.00, 0.00, 0.00, 0.00, 0.00, 0.00, 0.00, 0.00, 1.00
102,  0,  3.370,  0.98,  1,  42.6,  33.1,  331.8,  0.399,  -0.116,  0.204, 0.00, 0.00, 0.00, 0.00, 2.11, 1.86, 0.13, 1.71, 3.08, 2.24, 0.00, 0.00, 0.00, 0.02, 0.28, 0.00, 0.62, 0.00, 0.00, 0.00, 0.00, 1.00, 1.00, 0.00, 1.00, 1.00, 1.00, 0.00, 0.00, 0.00, 0.00, 0.00, 0.00, 0.00, 1.00
103,  0,  3.403,  0.98,  1,  41.8,  33.0,  331.5,  0.395,  -0.113,  0.204, 0.00, 0.00, 0.00, 0.00, 2.12, 1.95, 0.17, 1.72, 3.10, 2.16, 0.00, 0.00, 0.00, 0.02, 0.28, 0.00, 0.55, 0.00, 0.00, 0.00, 0.00, 1.00, 1.00, 0.00, 1.00, 1.00, 1.00, 0.00, 0.00, 0.00, 0.00, 0.00, 0.00, 0.00, 1.00
104,  0,  3.437,  0.98,  1,  41.1,  32.7,  331.5,  0.401,  -0.115,  0.202, 0.00, 0.00, 0.00, 0.00, 2.12, 2.02, 0.16, 1.76, 3.11, 2.18, 0.00, 0.00, 0.00, 0.00, 0.32, 0.00, 0.47, 0.00, 0.00, 0.00, 0.00, 1.00, 1.00, 0.00, 1.00, 1.00, 1.00, 0.00, 0.00, 0.00, 0.00, 0.00, 0.00, 0.00, 1.00
105,  0,  3.470,  0.98,  1,  40.6,  32.3,  332.2,  0.394,  -0.113,  0.203, 0.00, 0.00, 0.00, 0.00, 2.12, 1.99, 0.13, 1.79, 3.10, 2.14, 0.00, 0.00, 0.00, 0.00, 0.38, 0.00, 0.42, 0.00, 0.00, 0.00, 0.00, 1.00, 1.00, 0.00, 1.00, 1.00, 1.00, 0.00, 0.00, 0.00, 0.00, 0.00, 0.00, 0.00, 1.00
106,  0,  3.504,  0.98,  1,  39.6,  31.4,  333.0,  0.390,  -0.112,  0.200, 0.00, 0.00, 0.00, 0.00, 2.11, 1.87, 0.10, 1.78, 3.07, 2.17, 0.00, 0.00, 0.00, 0.00, 0.37, 0.00, 0.54, 0.00, 0.00, 0.00, 0.00, 1.00, 1.00, 0.00, 1.00, 1.00, 1.00, 0.00, 0.00, 0.00, 0.00, 0.00, 0.00, 0.00, 1.00
107,  0,  3.537,  0.98,  1,  38.3,  30.2,  333.7,  0.382,  -0.110,  0.193, 0.00, 0.00, 0.00, 0.00, 2.16, 1.71, 0.06, 1.79, 3.04, 2.10, 0.00, 0.00, 0.00, 0.00, 0.51, 0.00, 0.63, 0.00, 0.00, 0.00, 0.00, 1.00, 1.00, 0.00, 1.00, 1.00, 1.00, 0.00, 0.00, 0.00, 0.00, 0.00, 0.00, 0.00, 1.00
108,  0,  3.570,  0.98,  1,  36.5,  28.8,  334.1,  0.372,  -0.104,  0.183, 0.00, 0.00, 0.00, 0.00, 2.22, 1.67, 0.03, 1.93, 3.04, 2.07, 0.00, 0.00, 0.00, 0.00, 0.69, 0.00, 0.97, 0.00, 0.00, 0.00, 0.00, 1.00, 1.00, 0.00, 1.00, 1.00, 1.00, 0.00, 0.00, 0.00, 0.00, 1.00, 0.00, 0.00, 1.00
109,  0,  3.604,  0.88,  1,  34.4,  27.3,  334.8,  0.360,  -0.092,  0.169, 0.00, 0.00, 0.00, 0.00, 2.26, 1.76, 0.14, 2.04, 3.08, 2.01, 0.00, 0.00, 0.00, 0.00, 0.98, 0.15, 1.10, 0.00, 0.00, 0.00, 0.00, 1.00, 1.00, 0.00, 1.00, 1.00, 1.00, 0.00, 0.00, 0.00, 0.00, 1.00, 1.00, 0.00, 1.00
110,  0,  3.637,  0.88,  1,  31.5,  25.3,  341.9,  0.377,  -0.073,  0.192, 0.00, 0.00, 0.00, 0.00, 2.24, 1.86, 0.25, 2.07, 3.10, 2.03, 0.00, 0.00, 0.00, 0.00, 1.14, 0.45, 1.24, 0.00, 0.00, 0.00, 0.00, 1.00, 1.00, 0.00, 1.00, 1.00, 1.00, 0.00, 0.00, 0.00, 0.00, 1.00, 1.00, 0.00, 1.00
111,  0,  3.670,  0.93,  1,  28.8,  22.8,  341.1,  0.374,  -0.060,  0.189, 0.00, 0.00, 0.00, 0.00, 2.22, 1.82, 0.34, 1.96, 3.09, 1.87, 0.00, 0.00, 0.00, 0.00, 1.29, 0.75, 1.10, 0.00, 0.00, 0.00, 0.00, 1.00, 1.00, 0.00, 1.00, 1.00, 1.00, 0.00, 0.00, 0.00, 0.00, 1.00, 1.00, 0.00, 1.00
112,  0,  3.704,  0.93,  1,  26.6,  20.5,  342.5,  0.367,  -0.049,  0.178, 0.00, 0.00, 0.00, 0.00, 2.17, 1.74, 0.24, 1.87, 3.06, 1.69, 0.00, 0.00, 0.00, 0.00, 1.38, 0.94, 0.86, 0.00, 0.00, 0.00, 0.00, 1.00, 1.00, 0.00, 1.00, 1.00, 1.00, 0.00, 0.00, 0.00, 0.00, 1.00, 1.00, 0.00, 1.00
113,  0,  3.737,  0.93,  1,  23.8,  18.1,  342.1,  0.357,  -0.036,  0.161, 0.00, 0.00, 0.00, 0.00, 2.12, 1.67, 0.13, 1.91, 3.00, 1.37, 0.00, 0.00, 0.00, 0.00, 1.52, 1.07, 0.58, 0.00, 0.00, 0.00, 0.00, 1.00, 1.00, 0.00, 1.00, 1.00, 1.00, 0.00, 0.00, 0.00, 0.00, 1.00, 1.00, 0.00, 1.00
114,  0,  3.770,  0.93,  1,  21.5,  15.9,  343.9,  0.349,  -0.024,  0.140, 0.00, 0.00, 0.00, 0.00, 2.08, 1.72, 0.04, 1.95, 2.91, 1.16, 0.00, 0.00, 0.00, 0.00, 1.76, 1.22, 0.29, 0.00, 0.00, 0.00, 0.00, 1.00, 1.00, 0.00, 1.00, 1.00, 0.00, 0.00, 0.00, 0.00, 0.00, 1.00, 1.00, 0.00, 1.00
115,  0,  3.804,  0.93,  1,  19.3,  13.3,  343.9,  0.331,  -0.011,  0.121, 0.00, 0.00, 0.00, 0.00, 2.00, 1.76, 0.00, 1.92, 2.79, 0.86, 0.00, 0.00, 0.00, 0.00, 1.83, 1.27, 0.15, 0.00, 0.00, 0.00, 0.00, 1.00, 1.00, 0.00, 1.00, 1.00, 0.00, 0.00, 0.00, 0.00, 0.00, 1.00, 1.00, 0.00, 1.00
116,  0,  3.837,  0.93,  1,  17.6,  10.5,  344.6,  0.312,  -0.007,  0.104, 0.00, 0.00, 0.00, 0.00, 1.94, 1.77, 0.00, 1.73, 2.68, 0.66, 0.00, 0.00, 0.00, 0.00, 1.85, 1.31, 0.09, 0.00, 0.00, 0.00, 0.00, 1.00, 1.00, 0.00, 1.00, 1.00, 0.00, 0.00, 0.00, 0.00, 0.00, 1.00, 1.00, 0.00, 1.00
117,  0,  3.871,  0.93,  1,  15.9,  8.0,  344.4,  0.302,  -0.003,  0.091, 0.00, 0.00, 0.00, 0.00, 1.83, 1.57, 0.00, 1.60, 2.59, 0.49, 0.00, 0.04, 0.00, 0.00, 1.76, 1.30, 0.02, 0.00, 0.00, 0.00, 0.00, 1.00, 1.00, 0.00, 1.00, 1.00, 0.00, 0.00, 0.00, 0.00, 0.00, 1.00, 1.00, 0.00, 1.00
118,  0,  3.904,  0.93,  1,  14.2,  5.9,  343.6,  0.290,  0.000,  0.079, 0.00, 0.00, 0.00, 0.00, 1.79, 1.49, 0.00, 1.56, 2.50, 0.37, 0.05, 0.06, 0.00, 0.00, 1.82, 1.38, 0.02, 0.00, 0.00, 0.00, 0.00, 1.00, 1.00, 0.00, 1.00, 1.00, 0.00, 0.00, 0.00, 0.00, 0.00, 1.00, 1.00, 0.00, 1.00
119,  0,  3.937,  0.93,  1,  12.2,  4.3,  343.5,  0.286,  0.007,  0.070, 0.00, 0.00, 0.00, 0.00, 1.71, 1.58, 0.00, 1.57, 2.43, 0.20, 0.09, 0.12, 0.12, 0.03, 1.85, 1.34, 0.09, 0.00, 0.00, 0.00, 0.00, 1.00, 1.00, 0.00, 1.00, 1.00, 0.00, 0.00, 0.00, 0.00, 0.00, 1.00, 1.00, 0.00, 1.00
120,  0,  3.971,  0.93,  1,  10.1,  2.9,  342.0,  0.278,  0.014,  0.057, 0.00, 0.00, 0.00, 0.00, 1.72, 1.88, 0.01, 1.48, 2.38, 0.06, 0.19, 0.14, 0.24, 0.14, 1.92, 1.30, 0.21, 0.00, 0.00, 0.00, 0.00, 1.00, 1.00, 0.00, 1.00, 1.00, 0.00, 0.00, 0.00, 0.00, 0.00, 1.00, 1.00, 0.00, 1.00
121,  0,  4.004,  0.93,  1,  8.2,  1.8,  342.1,  0.280,  0.022,  0.045, 0.00, 0.00, 0.00, 0.00, 1.65, 2.05, 0.01, 1.37, 2.32, 0.00, 0.23, 0.22, 0.38, 0.20, 1.90, 1.24, 0.19, 0.00, 0.00, 0.00, 0.00, 1.00, 1.00, 0.00, 1.00, 1.00, 0.00, 0.00, 0.00, 0.00, 0.00, 1.00, 1.00, 0.00, 1.00
122,  0,  4.037,  0.93,  1,  6.5,  0.6,  343.0,  0.268,  0.032,  0.036, 0.00, 0.00, 0.00, 0.00, 1.63, 2.02, 0.02, 1.24, 2.28, 0.00, 0.35, 0.28, 0.47, 0.16, 1.86, 1.22, 0.17, 0.00, 0.00, 0.00, 0.00, 1.00, 1.00, 0.00, 1.00, 1.00, 0.00, 0.00, 0.00, 0.00, 0.00, 1.00, 1.00, 0.00, 1.00
123,  0,  4.071,  0.93,  1,  4.6,  -0.5,  342.8,  0.261,  0.040,  0.031, 0.00, 0.00, 0.00, 0.00, 1.54, 1.91, 0.09, 1.16, 2.23, 0.03, 0.51, 0.37, 0.51, 0.06, 1.71, 1.12, 0.05, 0.00, 0.00, 0.00, 0.00, 1.00, 1.00, 1.00, 1.00, 1.00, 0.00, 0.00, 0.00, 0.00, 0.00, 1.00, 1.00, 0.00, 1.00
124,  0,  4.104,  0.93,  1,  2.9,  -1.2,  343.1,  0.260,  0.048,  0.027, 0.00, 0.00, 0.00, 0.00, 1.53, 1.86, 0.16, 1.14, 2.26, 0.03, 0.61, 0.41, 0.54, 0.00, 1.60, 1.12, 0.16, 0.00, 0.00, 0.00, 0.00, 1.00, 1.00, 1.00, 1.00, 1.00, 0.00, 0.00, 0.00, 0.00, 0.00, 1.00, 1.00, 0.00, 1.00
125,  0,  4.137,  0.93,  1,  1.2,  -1.8,  344.4,  0.258,  0.057,  0.023, 0.00, 0.00, 0.00, 0.00, 1.56, 1.94, 0.30, 1.11, 2.27, 0.11, 0.59, 0.45, 0.40, 0.00, 1.47, 1.11, 0.63, 0.00, 0.00, 0.00, 0.00, 1.00, 1.00, 1.00, 1.00, 1.00, 0.00, 0.00, 0.00, 0.00, 0.00, 1.00, 1.00, 0.00, 1.00
126,  0,  4.171,  0.93,  1,  -0.0,  -2.5,  342.4,  0.211,  0.054,  0.024, 0.00, 0.00, 0.00, 0.00, 1.61, 2.03, 0.43, 1.14, 2.30, 0.12, 0.49, 0.41, 0.29, 0.00, 1.33, 1.16, 1.17, 0.00, 0.00, 0.00, 0.00, 1.00, 1.00, 1.00, 1.00, 1.00, 0.00, 0.00, 0.00, 0.00, 0.00, 1.00, 1.00, 0.00, 1.00
127,  0,  4.204,  0.93,  1,  -1.4,  -3.1,  342.4,  0.201,  0.051,  0.019, 0.00, 0.00, 0.00, 0.00, 1.68, 2.29, 0.59, 1.03, 2.27, 0.12, 0.43, 0.38, 0.13, 0.07, 1.19, 1.10, 1.42, 0.00, 0.00, 0.00, 0.00, 1.00, 1.00, 1.00, 1.00, 1.00, 0.00, 0.00, 0.00, 0.00, 0.00, 1.00, 1.00, 0.00, 1.00
128,  0,  4.238,  0.98,  1,  -3.0,  -4.1,  345.5,  0.199,  0.063,  0.013, 0.00, 0.00, 0.00, 0.00, 1.60, 2.39, 0.59, 0.99, 2.25, 0.04, 0.46, 0.31, 0.07, 0.16, 1.15, 0.89, 0.91, 0.00, 0.00, 0.00, 0.00, 1.00, 1.00, 1.00, 1.00, 1.00, 0.00, 0.00, 0.00, 0.00, 0.00, 1.00, 1.00, 0.00, 1.00
129,  0,  4.271,  0.98,  1,  -4.4,  -4.9,  347.2,  0.207,  0.076,  0.009, 0.00, 0.00, 0.00, 0.00, 1.51, 2.43, 0.53, 0.89, 2.25, 0.00, 0.43, 0.22, 0.01, 0.23, 1.23, 0.73, 0.37, 0.00, 0.00, 0.00, 0.00, 1.00, 1.00, 1.00, 1.00, 1.00, 0.00, 0.00, 0.00, 0.00, 0.00, 1.00, 0.00, 0.00, 1.00
130,  0,  4.304,  0.93,  1,  -5.5,  -5.7,  348.4,  0.203,  0.086,  0.008, 0.00, 0.00, 0.00, 0.00, 1.38, 2.21, 0.43, 0.97, 2.29, 0.00, 0.46, 0.14, 0.00, 0.23, 1.39, 0.58, 0.01, 0.00, 0.00, 0.00, 0.00, 1.00, 1.00, 1.00, 1.00, 1.00, 0.00, 0.00, 0.00, 0.00, 0.00, 1.00, 0.00, 0.00, 0.00
131,  0,  4.338,  0.93,  1,  -6.6,  -6.3,  349.7,  0.199,  0.095,  0.007, 0.00, 0.00, 0.00, 0.00, 1.32, 1.94, 0.37, 0.94, 2.32, 0.00, 0.42, 0.11, 0.00, 0.20, 1.52, 0.57, 0.00, 0.00, 0.00, 0.00, 0.00, 1.00, 1.00, 1.00, 1.00, 1.00, 0.00, 0.00, 0.00, 0.00, 0.00, 1.00, 0.00, 0.00, 0.00
132,  0,  4.371,  0.93,  1,  -7.4,  -7.0,  350.6,  0.191,  0.103,  0.005, 0.00, 0.00, 0.00, 0.05, 1.25, 1.78, 0.34, 0.91, 2.35, 0.00, 0.41, 0.22, 0.00, 0.21, 1.58, 0.52, 0.00, 0.00, 0.00, 0.00, 0.00, 1.00, 1.00, 1.00, 1.00, 1.00, 0.00, 0.00, 0.00, 0.00, 0.00, 1.00, 0.00, 0.00, 0.00
133,  0,  4.404,  0.98,  1,  -8.0,  -7.6,  350.9,  0.184,  0.107,  0.006, 0.00, 0.00, 0.00, 0.14, 1.20, 1.78, 0.35, 0.86, 2.36, 0.00, 0.34, 0.28, 0.00, 0.25, 1.48, 0.41, 0.00, 0.00, 0.00, 0.00, 0.00, 1.00, 1.00, 1.00, 1.00, 1.00, 0.00, 0.00, 0.00, 0.00, 0.00, 1.00, 0.00, 0.00, 0.00
134,  0,  4.438,  0.98,  1,  -8.4,  -8.1,  351.9,  0.181,  0.114,  0.007, 0.00, 0.00, 0.00, 0.29, 1.15, 1.82, 0.40, 0.87, 2.42, 0.00, 0.30, 0.38, 0.00, 0.31, 1.29, 0.33, 0.00, 0.00, 0.00, 0.00, 0.00, 1.00, 1.00, 1.00, 1.00, 1.00, 0.00, 0.00, 0.00, 0.00, 0.00, 1.00, 0.00, 0.00, 0.00
135,  0,  4.471,  0.98,  1,  -8.7,  -8.6,  352.6,  0.175,  0.116,  0.008, 0.00, 0.00, 0.00, 0.39, 1.08, 1.90, 0.48, 0.78, 2.38, 0.00, 0.28, 0.59, 0.00, 0.48, 0.99, 0.26, 0.00, 0.00, 0.00, 0.00, 0.00, 1.00, 1.00, 1.00, 1.00, 1.00, 0.00, 0.00, 0.00, 0.00, 0.00, 1.00, 0.00, 0.00, 0.00
136,  0,  4.505,  0.98,  1,  -8.6,  -9.2,  351.3,  0.162,  0.109,  0.009, 0.00, 0.00, 0.00, 0.44, 1.02, 1.78, 0.48, 0.66, 2.31, 0.14, 0.32, 0.87, 0.02, 0.78, 0.66, 0.24, 0.00, 0.00, 0.00, 0.00, 0.00, 1.00, 1.00, 1.00, 1.00, 1.00, 0.00, 1.00, 1.00, 0.00, 0.00, 1.00, 0.00, 0.00, 0.00
137,  0,  4.538,  0.98,  1,  -8.8,  -10.1,  352.5,  0.145,  0.113,  0.010, 0.00, 0.00, 0.00, 0.49, 0.97, 1.71, 0.50, 0.49, 2.19, 0.26, 0.27, 1.16, 0.17, 1.04, 0.31, 0.28, 0.00, 0.00, 0.00, 0.00, 0.00, 1.00, 1.00, 1.00, 1.00, 1.00, 1.00, 1.00, 1.00, 0.00, 0.00, 0.00, 0.00, 0.00, 0.00
138,  0,  4.571,  0.98,  1,  -9.0,  -10.6,  353.3,  0.134,  0.114,  0.010, 0.00, 0.00, 0.00, 0.56, 0.94, 1.61, 0.42, 0.38, 2.14, 0.37, 0.26, 1.33, 0.27, 1.13, 0.09, 0.41, 0.00, 0.00, 0.00, 0.00, 0.00, 1.00, 1.00, 1.00, 1.00, 1.00, 1.00, 1.00, 1.00, 0.00, 0.00, 0.00, 0.00, 0.00, 0.00
139,  0,  4.605,  0.98,  1,  -9.2,  -11.1,  353.3,  0.126,  0.116,  0.012, 0.00, 0.00, 0.00, 0.58, 0.85, 1.59, 0.40, 0.31, 2.06, 0.32, 0.23, 1.52, 0.27, 1.06, 0.00, 0.59, 0.00, 0.00, 0.00, 0.00, 0.00, 1.00, 1.00, 0.00, 1.00, 1.00, 1.00, 1.00, 1.00, 0.00, 0.00, 0.00, 0.00, 0.00, 0.00
140,  0,  4.638,  0.98,  1,  -9.3,  -11.5,  353.4,  0.121,  0.123,  0.015, 0.07, 0.00, 0.00, 0.51, 0.74, 1.51, 0.29, 0.29, 2.03, 0.26, 0.24, 1.72, 0.24, 1.12, 0.00, 0.68, 0.00, 0.00, 0.00, 0.00, 0.00, 1.00, 1.00, 0.00, 1.00, 1.00, 1.00, 1.00, 1.00, 0.00, 0.00, 0.00, 0.00, 0.00, 0.00
141,  0,  4.671,  0.98,  1,  -9.9,  -12.0,  353.7,  0.119,  0.121,  0.038, 0.20, 0.06, 0.00, 0.51, 0.67, 1.42, 0.29, 0.35, 1.96, 0.20, 0.18, 1.81, 0.22, 1.05, 0.00, 0.66, 0.00, 0.00, 0.00, 0.00, 0.00, 1.00, 1.00, 0.00, 1.00, 1.00, 0.00, 1.00, 1.00, 0.00, 0.00, 0.00, 0.00, 0.00, 0.00
142,  0,  4.705,  0.98,  1,  -9.6,  -12.1,  352.5,  0.113,  0.124,  0.026, 0.27, 0.18, 0.00, 0.57, 0.63, 1.42, 0.22, 0.36, 1.93, 0.12, 0.07, 1.89, 0.30, 1.10, 0.00, 0.58, 0.00, 0.00, 0.00, 0.00, 0.00, 1.00, 1.00, 0.00, 1.00, 1.00, 0.00, 1.00, 1.00, 0.00, 0.00, 0.00, 0.00, 0.00, 0.00
143,  0,  4.738,  0.98,  1,  -10.1,  -12.4,  353.2,  0.112,  0.125,  0.045, 0.19, 0.22, 0.00, 0.70, 0.61, 1.38, 0.16, 0.33, 1.84, 0.14, 0.13, 1.96, 0.48, 1.15, 0.08, 0.55, 0.00, 0.00, 0.00, 0.00, 0.00, 1.00, 1.00, 0.00, 1.00, 1.00, 0.00, 1.00, 1.00, 0.00, 0.00, 0.00, 0.00, 0.00, 0.00
144,  0,  4.771,  0.98,  1,  -11.1,  -12.6,  353.7,  0.097,  0.137,  0.068, 0.11, 0.25, 0.00, 0.57, 0.64, 1.47, 0.10, 0.29, 1.81, 0.08, 0.19, 1.98, 0.58, 1.33, 0.08, 0.59, 0.00, 0.00, 0.00, 0.00, 0.00, 1.00, 1.00, 0.00, 1.00, 1.00, 0.00, 1.00, 1.00, 0.00, 0.00, 0.00, 0.00, 0.00, 0.00
145,  0,  4.805,  0.98,  1,  -10.5,  -12.5,  354.4,  0.105,  0.116,  0.066, 0.10, 0.25, 0.00, 0.35, 0.79, 1.70, 0.32, 0.29, 1.81, 0.07, 0.24, 1.95, 0.51, 1.21, 0.08, 0.62, 0.31, 0.00, 0.00, 0.00, 0.00, 1.00, 1.00, 0.00, 1.00, 1.00, 0.00, 1.00, 1.00, 0.00, 0.00, 0.00, 0.00, 0.00, 0.00
146,  0,  4.838,  0.98,  1,  -9.7,  -12.1,  351.3,  0.103,  0.113,  0.038, 0.27, 0.32, 0.00, 0.09, 0.98, 1.92, 0.68, 0.34, 1.86, 0.04, 0.14, 1.77, 0.21, 0.85, 0.06, 0.54, 1.06, 0.00, 0.00, 0.00, 0.00, 1.00, 1.00, 1.00, 1.00, 1.00, 0.00, 1.00, 1.00, 0.00, 0.00, 0.00, 0.00, 0.00, 1.00
147,  0,  4.872,  0.98,  1,  -9.6,  -11.6,  352.9,  0.095,  0.112,  0.029, 0.36, 0.34, 0.00, 0.00, 1.10, 1.79, 0.91, 0.42, 1.87, 0.10, 0.17, 1.70, 0.03, 0.50, 0.13, 0.33, 1.91, 0.00, 0.00, 0.00, 0.00, 1.00, 1.00, 1.00, 1.00, 1.00, 0.00, 1.00, 1.00, 0.00, 0.00, 0.00, 0.00, 0.00, 1.00
148,  0,  4.905,  0.93,  1,  -9.3,  -11.5,  353.3,  0.093,  0.114,  0.029, 0.37, 0.22, 0.00, 0.00, 1.13, 1.70, 0.95, 0.41, 1.83, 0.23, 0.18, 1.71, 0.00, 0.45, 0.13, 0.32, 2.26, 0.00, 0.00, 0.00, 0.00, 1.00, 1.00, 1.00, 1.00, 1.00, 0.00, 1.00, 1.00, 0.00, 0.00, 0.00, 0.00, 0.00, 1.00
149,  0,  4.938,  0.98,  1,  -8.9,  -11.5,  349.3,  0.095,  0.104,  0.030, 0.21, 0.15, 0.00, 0.00, 1.16, 1.82, 0.89, 0.40, 1.80, 0.31, 0.25, 1.70, 0.01, 0.50, 0.10, 0.25, 1.99, 0.00, 0.00, 0.00, 0.00, 1.00, 1.00, 1.00, 1.00, 1.00, 0.00, 1.00, 1.00, 0.00, 0.00, 0.00, 0.00, 0.00, 1.00
150,  0,  4.972,  0.98,  1,  -8.6,  -11.6,  351.3,  0.096,  0.113,  0.034, 0.07, 0.04, 0.00, 0.00, 1.09, 2.17, 0.86, 0.26, 1.66, 0.25, 0.20, 1.55, 0.01, 0.46, 0.09, 0.25, 1.43, 0.00, 0.00, 0.00, 0.00, 1.00, 1.00, 1.00, 1.00, 1.00, 1.00, 1.00, 1.00, 0.00, 0.00, 0.00, 0.00, 0.00, 1.00
151,  0,  5.005,  0.98,  1,  -8.3,  -11.6,  352.0,  0.104,  0.116,  0.040, 0.00, 0.04, 0.00, 0.00, 0.97, 2.24, 0.78, 0.13, 1.55, 0.13, 0.17, 1.25, 0.01, 0.29, 0.18, 0.09, 0.95, 0.00, 0.00, 0.00, 0.00, 1.00, 1.00, 1.00, 1.00, 1.00, 1.00, 0.00, 1.00, 0.00, 0.00, 0.00, 0.00, 0.00, 1.00
152,  0,  5.038,  0.98,  1,  -7.9,  -11.7,  354.4,  0.108,  0.120,  0.044, 0.00, 0.01, 0.00, 0.00, 0.82, 2.08, 0.67, 0.04, 1.44, 0.01, 0.16, 1.04, 0.00, 0.13, 0.21, 0.11, 0.49, 0.00, 0.00, 0.00, 0.00, 1.00, 1.00, 1.00, 1.00, 1.00, 1.00, 0.00, 1.00, 0.00, 0.00, 0.00, 0.00, 0.00, 1.00
153,  0,  5.072,  0.98,  1,  -7.4,  -11.6,  353.3,  0.113,  0.115,  0.045, 0.00, 0.00, 0.00, 0.00, 0.77, 1.87, 0.60, 0.00, 1.47, 0.01, 0.20, 0.91, 0.00, 0.08, 0.29, 0.07, 0.21, 0.00, 0.00, 0.00, 0.00, 1.00, 1.00, 1.00, 1.00, 1.00, 0.00, 0.00, 1.00, 0.00, 0.00, 0.00, 0.00, 0.00, 1.00
154,  0,  5.105,  0.98,  1,  -7.0,  -11.4,  353.0,  0.122,  0.115,  0.047, 0.00, 0.00, 0.00, 0.00, 0.74, 1.78, 0.55, 0.06, 1.53, 0.01, 0.21, 0.75, 0.00, 0.14, 0.34, 0.07, 0.02, 0.00, 0.00, 0.00, 0.00, 1.00, 1.00, 1.00, 1.00, 1.00, 0.00, 0.00, 0.00, 0.00, 0.00, 0.00, 0.00, 0.00, 0.00
155,  0,  5.138,  0.98,  1,  -6.6,  -11.1,  352.7,  0.136,  0.103,  0.046, 0.00, 0.00, 0.00, 0.00, 0.77, 1.80, 0.60, 0.13, 1.59, 0.00, 0.21, 0.57, 0.00, 0.20, 0.52, 0.00, 0.00, 0.00, 0.00, 0.00, 0.00, 1.00, 1.00, 1.00, 1.00, 1.00, 0.00, 0.00, 0.00, 0.00, 0.00, 1.00, 0.00, 0.00, 0.00
156,  0,  5.172,  0.98,  1,  -6.3,  -10.9,  353.2,  0.143,  0.100,  0.046, 0.00, 0.00, 0.00, 0.00, 0.80, 1.80, 0.66, 0.23, 1.64, 0.00, 0.26, 0.50, 0.00, 0.22, 0.52, 0.00, 0.00, 0.00, 0.00, 0.00, 0.00, 1.00, 1.00, 1.00, 1.00, 1.00, 0.00, 0.00, 0.00, 0.00, 0.00, 1.00, 0.00, 0.00, 0.00
157,  0,  5.205,  0.98,  1,  -6.3,  -10.8,  353.6,  0.142,  0.102,  0.045, 0.00, 0.00, 0.00, 0.00, 0.83, 1.69, 0.67, 0.29, 1.64, 0.01, 0.37, 0.53, 0.00, 0.13, 0.56, 0.04, 0.00, 0.00, 0.00, 0.00, 0.00, 1.00, 1.00, 1.00, 1.00, 1.00, 0.00, 0.00, 0.00, 0.00, 0.00, 1.00, 0.00, 0.00, 0.00
158,  0,  5.239,  0.98,  1,  -6.4,  -10.6,  354.0,  0.145,  0.102,  0.044, 0.00, 0.00, 0.00, 0.00, 0.85, 1.66, 0.65, 0.36, 1.66, 0.06, 0.44, 0.59, 0.00, 0.07, 0.55, 0.17, 0.00, 0.00, 0.00, 0.00, 0.00, 1.00, 1.00, 1.00, 1.00, 1.00, 0.00, 0.00, 0.00, 0.00, 0.00, 1.00, 0.00, 0.00, 0.00
159,  0,  5.272,  0.98,  1,  -6.4,  -10.3,  353.9,  0.147,  0.101,  0.043, 0.00, 0.00, 0.00, 0.00, 0.85, 1.56, 0.69, 0.45, 1.61, 0.06, 0.46, 0.58, 0.00, 0.02, 0.71, 0.45, 0.00, 0.00, 0.00, 0.00, 0.00, 1.00, 1.00, 1.00, 1.00, 1.00, 0.00, 0.00, 0.00, 0.00, 0.00, 1.00, 0.00, 0.00, 0.00
160,  0,  5.305,  0.98,  1,  -6.5,  -10.0,  352.8,  0.149,  0.102,  0.043, 0.00, 0.00, 0.00, 0.00, 0.92, 1.55, 0.75, 0.70, 1.55, 0.05, 0.50, 0.47, 0.00, 0.00, 1.01, 0.67, 0.00, 0.00, 0.00, 0.00, 0.00, 1.00, 1.00, 1.00, 1.00, 1.00, 0.00, 0.00, 0.00, 0.00, 0.00, 1.00, 0.00, 0.00, 0.00
161,  0,  5.339,  0.98,  1,  -6.5,  -9.0,  351.8,  0.178,  0.104,  0.040, 0.00, 0.00, 0.00, 0.00, 0.96, 1.47, 0.77, 1.00, 1.48, 0.05, 0.56, 0.32, 0.00, 0.00, 1.44, 0.93, 0.00, 0.00, 0.00, 0.00, 0.00, 1.00, 1.00, 1.00, 1.00, 1.00, 0.00, 0.00, 0.00, 0.00, 0.00, 1.00, 1.00, 0.00, 0.00
162,  0,  5.372,  0.98,  1,  -6.6,  -8.2,  350.2,  0.205,  0.103,  0.039, 0.00, 0.00, 0.00, 0.00, 1.03, 1.52, 0.75, 1.26, 1.48, 0.14, 0.54, 0.18, 0.00, 0.00, 1.88, 1.04, 0.00, 0.00, 0.00, 0.00, 0.00, 1.00, 1.00, 1.00, 1.00, 1.00, 0.00, 0.00, 0.00, 0.00, 0.00, 1.00, 1.00, 0.00, 0.00
163,  0,  5.405,  0.98,  1,  -6.6,  -7.9,  349.3,  0.208,  0.100,  0.040, 0.00, 0.00, 0.00, 0.00, 1.02, 1.41, 0.81, 1.16, 1.42, 0.14, 0.58, 0.22, 0.00, 0.00, 1.89, 1.16, 0.00, 0.00, 0.00, 0.00, 0.00, 1.00, 1.00, 1.00, 1.00, 1.00, 0.00, 0.00, 0.00, 0.00, 0.00, 1.00, 1.00, 0.00, 0.00
164,  0,  5.439,  0.98,  1,  -6.6,  -8.6,  350.5,  0.174,  0.098,  0.045, 0.00, 0.00, 0.00, 0.00, 0.89, 1.36, 0.79, 0.85, 1.40, 0.09, 0.56, 0.30, 0.00, 0.00, 1.56, 1.00, 0.00, 0.00, 0.00, 0.00, 0.00, 1.00, 1.00, 1.00, 1.00, 1.00, 0.00, 0.00, 0.00, 0.00, 0.00, 1.00, 1.00, 0.00, 0.00
165,  0,  5.472,  0.98,  1,  -6.3,  -9.8,  353.0,  0.139,  0.087,  0.050, 0.00, 0.00, 0.00, 0.00, 0.76, 1.38, 0.74, 0.51, 1.33, 0.03, 0.57, 0.56, 0.00, 0.11, 1.00, 0.75, 0.00, 0.00, 0.00, 0.00, 0.00, 1.00, 1.00, 1.00, 1.00, 1.00, 0.00, 1.00, 0.00, 0.00, 0.00, 1.00, 0.00, 0.00, 0.00
166,  0,  5.506,  0.98,  1,  -5.8,  -10.2,  354.0,  0.132,  0.074,  0.056, 0.00, 0.00, 0.00, 0.00, 0.61, 1.36, 0.60, 0.32, 1.34, 0.06, 0.53, 0.73, 0.04, 0.17, 0.60, 0.51, 0.00, 0.00, 0.00, 0.00, 0.00, 1.00, 1.00, 1.00, 1.00, 1.00, 0.00, 1.00, 1.00, 0.00, 0.00, 0.00, 0.00, 0.00, 0.00
167,  0,  5.539,  0.98,  1,  -5.4,  -9.9,  354.4,  0.133,  0.072,  0.063, 0.00, 0.00, 0.00, 0.00, 0.55, 1.39, 0.52, 0.23, 1.26, 0.06, 0.55, 0.87, 0.15, 0.21, 0.31, 0.37, 0.00, 0.00, 0.00, 0.00, 0.00, 1.00, 1.00, 1.00, 1.00, 1.00, 0.00, 1.00, 1.00, 0.00, 0.00, 0.00, 0.00, 0.00, 0.00
168,  0,  5.572,  0.98,  1,  -5.0,  -9.3,  355.3,  0.144,  0.075,  0.068, 0.00, 0.00, 0.00, 0.00, 0.51, 1.23, 0.35, 0.12, 1.16, 0.03, 0.53, 0.85, 0.37, 0.10, 0.13, 0.32, 0.00, 0.00, 0.00, 0.00, 0.00, 0.00, 1.00, 1.00, 1.00, 1.00, 0.00, 1.00, 1.00, 0.00, 0.00, 0.00, 0.00, 0.00, 0.00
169,  0,  5.606,  0.98,  1,  -4.3,  -8.6,  355.9,  0.151,  0.059,  0.070, 0.00, 0.00, 0.00, 0.00, 0.49, 1.18, 0.22, 0.02, 1.04, 0.02, 0.44, 0.80, 0.48, 0.06, 0.03, 0.29, 0.00, 0.00, 0.00, 0.00, 0.00, 0.00, 1.00, 1.00, 1.00, 1.00, 0.00, 1.00, 1.00, 0.00, 0.00, 0.00, 0.00, 0.00, 0.00
170,  0,  5.639,  0.98,  1,  -3.9,  -7.9,  355.7,  0.156,  0.052,  0.070, 0.00, 0.00, 0.00, 0.00, 0.48, 1.17, 0.14, 0.00, 1.01, 0.02, 0.36, 0.64, 0.43, 0.02, 0.08, 0.23, 0.00, 0.00, 0.00, 0.00, 0.00, 0.00, 1.00, 1.00, 1.00, 1.00, 0.00, 1.00, 1.00, 0.00, 0.00, 0.00, 0.00, 0.00, 0.00
171,  0,  5.672,  0.98,  1,  -3.8,  -7.2,  355.2,  0.166,  0.044,  0.070, 0.00, 0.00, 0.00, 0.00, 0.49, 1.17, 0.24, 0.15, 1.03, 0.02, 0.32, 0.44, 0.21, 0.02, 0.23, 0.22, 0.00, 0.00, 0.00, 0.00, 0.00, 0.00, 1.00, 1.00, 1.00, 1.00, 0.00, 1.00, 0.00, 0.00, 0.00, 1.00, 0.00, 0.00, 0.00
172,  0,  5.706,  0.98,  1,  -3.9,  -6.7,  354.2,  0.167,  0.044,  0.069, 0.00, 0.00, 0.00, 0.00, 0.51, 1.20, 0.34, 0.31, 1.06, 0.00, 0.27, 0.24, 0.06, 0.00, 0.45, 0.21, 0.00, 0.00, 0.00, 0.00, 0.00, 0.00, 1.00, 1.00, 1.00, 1.00, 0.00, 1.00, 0.00, 0.00, 0.00, 1.00, 0.00, 0.00, 0.00
173,  0,  5.739,  0.98,  1,  -4.1,  -6.3,  353.4,  0.179,  0.040,  0.068, 0.00, 0.00, 0.00, 0.00, 0.52, 1.09, 0.46, 0.50, 1.03, 0.00, 0.18, 0.21, 0.00, 0.00, 0.58, 0.37, 0.00, 0.00, 0.00, 0.00, 0.00, 0.00, 1.00, 1.00, 1.00, 1.00, 0.00, 1.00, 0.00, 0.00, 0.00, 1.00, 0.00, 0.00, 0.00
174,  0,  5.772,  0.93,  1,  -4.2,  -5.8,  353.5,  0.180,  0.037,  0.068, 0.00, 0.00, 0.00, 0.00, 0.50, 1.21, 0.48, 0.48, 1.08, 0.00, 0.16, 0.28, 0.00, 0.00, 0.64, 0.48, 0.00, 0.00, 0.00, 0.00, 0.00, 0.00, 1.00, 1.00, 1.00, 1.00, 0.00, 1.00, 0.00, 0.00, 0.00, 1.00, 0.00, 0.00, 0.00
175,  0,  5.806,  0.98,  1,  -4.0,  -5.2,  354.5,  0.180,  0.033,  0.067, 0.00, 0.00, 0.00, 0.00, 0.54, 1.31, 0.48, 0.49, 1.10, 0.00, 0.18, 0.41, 0.01, 0.00, 0.41, 0.46, 0.17, 0.00, 0.00, 0.00, 0.00, 0.00, 1.00, 1.00, 1.00, 1.00, 0.00, 1.00, 0.00, 0.00, 0.00, 1.00, 0.00, 0.00, 0.00
176,  0,  5.839,  0.98,  1,  -3.1,  -4.4,  354.4,  0.180,  0.016,  0.068, 0.00, 0.00, 0.00, 0.00, 0.61, 1.46, 0.36, 0.42, 1.18, 0.03, 0.28, 0.65, 0.03, 0.05, 0.20, 0.27, 0.54, 0.00, 0.00, 0.00, 0.00, 0.00, 1.00, 0.00, 1.00, 1.00, 0.00, 1.00, 0.00, 0.00, 0.00, 0.00, 0.00, 0.00, 1.00
177,  0,  5.873,  0.98,  1,  -2.2,  -3.8,  355.0,  0.176,  0.005,  0.066, 0.00, 0.00, 0.00, 0.00, 0.65, 1.42, 0.20, 0.40, 1.26, 0.07, 0.29, 0.80, 0.12, 0.11, 0.00, 0.08, 0.83, 0.00, 0.00, 0.00, 0.00, 0.00, 1.00, 0.00, 1.00, 1.00, 0.00, 1.00, 0.00, 0.00, 0.00, 0.00, 0.00, 0.00, 1.00
178,  0,  5.906,  0.98,  1,  -1.2,  -3.2,  357.2,  0.186,  -0.003,  0.065, 0.00, 0.00, 0.00, 0.00, 0.61, 1.46, 0.07, 0.39, 1.35, 0.07, 0.27, 0.80, 0.18, 0.16, 0.00, 0.01, 0.96, 0.00, 0.00, 0.00, 0.00, 0.00, 1.00, 0.00, 1.00, 1.00, 0.00, 1.00, 0.00, 0.00, 0.00, 0.00, 0.00, 0.00, 1.00
179,  0,  5.939,  0.98,  1,  -0.5,  -2.4,  355.6,  0.196,  -0.010,  0.063, 0.00, 0.00, 0.00, 0.00, 0.56, 1.27, 0.02, 0.53, 1.41, 0.08, 0.21, 0.72, 0.16, 0.12, 0.00, 0.08, 0.70, 0.00, 0.00, 0.00, 0.00, 0.00, 1.00, 0.00, 1.00, 1.00, 0.00, 1.00, 0.00, 0.00, 0.00, 0.00, 0.00, 0.00, 1.00
180,  0,  5.973,  0.98,  1,  0.1,  -1.9,  356.4,  0.203,  -0.020,  0.064, 0.00, 0.00, 0.00, 0.00, 0.52, 1.09, 0.02, 0.64, 1.41, 0.09, 0.17, 0.60, 0.07, 0.05, 0.04, 0.10, 0.49, 0.00, 0.00, 0.00, 0.00, 0.00, 1.00, 0.00, 1.00, 1.00, 0.00, 1.00, 0.00, 0.00, 0.00, 0.00, 0.00, 0.00, 1.00
181,  0,  6.006,  0.98,  1,  0.4,  -1.4,  356.7,  0.213,  -0.019,  0.064, 0.00, 0.00, 0.00, 0.00, 0.49, 0.93, 0.01, 0.66, 1.41, 0.12, 0.21, 0.63, 0.00, 0.00, 0.10, 0.21, 0.26, 0.00, 0.00, 0.00, 0.00, 0.00, 1.00, 0.00, 1.00, 1.00, 0.00, 1.00, 0.00, 0.00, 0.00, 0.00, 0.00, 0.00, 1.00
182,  0,  6.039,  0.98,  1,  0.7,  -1.2,  357.1,  0.214,  -0.020,  0.064, 0.00, 0.00, 0.00, 0.00, 0.52, 0.93, 0.02, 0.65, 1.37, 0.10, 0.23, 0.62, 0.00, 0.00, 0.20, 0.25, 0.19, 0.00, 0.00, 0.00, 0.00, 0.00, 1.00, 0.00, 1.00, 1.00, 0.00, 1.00, 0.00, 0.00, 0.00, 0.00, 0.00, 0.00, 1.00
183,  0,  6.073,  0.93,  1,  0.9,  -0.8,  356.9,  0.221,  -0.021,  0.062, 0.00, 0.00, 0.00, 0.00, 0.55, 1.00, 0.02, 0.70, 1.34, 0.09, 0.16, 0.63, 0.00, 0.00, 0.29, 0.36, 0.20, 0.00, 0.00, 0.00, 0.00, 0.00, 1.00, 0.00, 1.00, 1.00, 0.00, 1.00, 0.00, 0.00, 0.00, 0.00, 0.00, 0.00, 1.00
184,  0,  6.106,  0.98,  1,  1.1,  -0.6,  356.7,  0.222,  -0.021,  0.060, 0.00, 0.00, 0.00, 0.00, 0.58, 0.85, 0.01, 0.81, 1.31, 0.09, 0.07, 0.63, 0.03, 0.00, 0.36, 0.38, 0.20, 0.00, 0.00, 0.00, 0.00, 0.00, 1.00, 0.00, 1.00, 1.00, 0.00, 1.00, 0.00, 0.00, 0.00, 0.00, 0.00, 0.00, 1.00
185,  0,  6.139,  0.98,  1,  1.2,  -0.4,  356.8,  0.228,  -0.020,  0.058, 0.00, 0.00, 0.00, 0.00, 0.57, 0.82, 0.00, 0.86, 1.32, 0.13, 0.01, 0.58, 0.03, 0.00, 0.41, 0.43, 0.24, 0.00, 0.00, 0.00, 0.00, 0.00, 1.00, 0.00, 1.00, 1.00, 0.00, 1.00, 0.00, 0.00, 0.00, 0.00, 0.00, 0.00, 1.00
186,  0,  6.173,  0.98,  1,  1.5,  -0.3,  356.3,  0.225,  -0.023,  0.057, 0.00, 0.00, 0.00, 0.00, 0.55, 0.73, 0.00, 0.88, 1.33, 0.18, 0.03, 0.61, 0.03, 0.00, 0.40, 0.43, 0.19, 0.00, 0.00, 0.00, 0.00, 0.00, 1.00, 0.00, 1.00, 1.00, 0.00, 1.00, 0.00, 0.00, 0.00, 0.00, 0.00, 0.00, 1.00
187,  0,  6.206,  0.93,  1,  1.8,  -0.1,  355.8,  0.225,  -0.026,  0.055, 0.00, 0.00, 0.00, 0.00, 0.50, 0.75, 0.00, 0.85, 1.32, 0.29, 0.05, 0.70, 0.00, 0.00, 0.37, 0.49, 0.22, 0.00, 0.00, 0.00, 0.00, 0.00, 1.00, 0.00, 1.00, 1.00, 0.00, 1.00, 0.00, 0.00, 0.00, 0.00, 0.00, 0.00, 0.00
188,  0,  6.240,  0.93,  1,  2.1,  -0.1,  356.3,  0.214,  -0.026,  0.054, 0.00, 0.00, 0.00, 0.00, 0.44, 0.68, 0.00, 0.85, 1.32, 0.32, 0.09, 0.80, 0.02, 0.00, 0.29, 0.46, 0.17, 0.00, 0.00, 0.00, 0.00, 0.00, 1.00, 0.00, 1.00, 1.00, 0.00, 1.00, 0.00, 0.00, 0.00, 0.00, 0.00, 0.00, 0.00
189,  0,  6.273,  0.93,  1,  2.4,  0.0,  356.3,  0.214,  -0.024,  0.053, 0.00, 0.00, 0.00, 0.00, 0.39, 0.78, 0.00, 0.81, 1.32, 0.32, 0.13, 0.78, 0.02, 0.00, 0.24, 0.42, 0.24, 0.00, 0.00, 0.00, 0.00, 0.00, 1.00, 0.00, 1.00, 1.00, 1.00, 0.00, 0.00, 0.00, 0.00, 0.00, 0.00, 0.00, 0.00
190,  0,  6.306,  0.93,  1,  2.8,  0.2,  356.1,  0.216,  -0.024,  0.053, 0.00, 0.00, 0.00, 0.00, 0.37, 0.72, 0.00, 0.80, 1.35, 0.23, 0.17, 0.72, 0.05, 0.02, 0.13, 0.35, 0.20, 0.00, 0.00, 0.00, 0.00, 0.00, 1.00, 0.00, 1.00, 1.00, 1.00, 0.00, 0.00, 0.00, 0.00, 0.00, 0.00, 0.00, 0.00
191,  0,  6.340,  0.98,  1,  3.1,  0.5,  356.0,  0.216,  -0.026,  0.052, 0.00, 0.00, 0.00, 0.00, 0.40, 0.75, 0.00, 0.70, 1.40, 0.22, 0.16, 0.71, 0.03, 0.02, 0.10, 0.34, 0.32, 0.00, 0.00, 0.00, 0.00, 0.00, 1.00, 0.00, 1.00, 1.00, 1.00, 0.00, 0.00, 0.00, 0.00, 0.00, 0.00, 0.00, 0.00
192,  0,  6.373,  0.93,  1,  3.4,  0.7,  355.2,  0.216,  -0.026,  0.053, 0.00, 0.00, 0.00, 0.00, 0.46, 0.56, 0.00, 0.63, 1.44, 0.14, 0.10, 0.60, 0.03, 0.02, 0.10, 0.33, 0.30, 0.00, 0.00, 0.00, 0.00, 0.00, 1.00, 0.00, 1.00, 1.00, 0.00, 0.00, 0.00, 0.00, 0.00, 0.00, 0.00, 0.00, 0.00
193,  0,  6.406,  0.93,  1,  3.6,  1.3,  353.5,  0.233,  -0.026,  0.052, 0.00, 0.00, 0.00, 0.00, 0.50, 0.65, 0.00, 0.61, 1.44, 0.09, 0.05, 0.49, 0.01, 0.00, 0.17, 0.29, 0.27, 0.00, 0.00, 0.00, 0.00, 0.00, 1.00, 0.00, 1.00, 1.00, 0.00, 0.00, 0.00, 0.00, 0.00, 0.00, 0.00, 0.00, 0.00
194,  0,  6.440,  0.93,  1,  3.8,  1.9,  353.2,  0.245,  -0.025,  0.050, 0.01, 0.00, 0.00, 0.00, 0.48, 0.68, 0.00, 0.65, 1.42, 0.07, 0.01, 0.36, 0.07, 0.00, 0.25, 0.25, 0.17, 0.00, 0.00, 0.00, 0.00, 0.00, 1.00, 0.00, 1.00, 1.00, 0.00, 0.00, 0.00, 0.00, 0.00, 0.00, 0.00, 0.00, 0.00
195,  0,  6.473,  0.93,  1,  4.0,  2.4,  352.7,  0.252,  -0.025,  0.051, 0.01, 0.00, 0.00, 0.00, 0.49, 0.74, 0.00, 0.76, 1.39, 0.12, 0.01, 0.40, 0.17, 0.00, 0.38, 0.28, 0.08, 0.00, 0.00, 0.00, 0.00, 0.00, 1.00, 0.00, 1.00, 1.00, 0.00, 0.00, 0.00, 0.00, 0.00, 0.00, 0.00, 0.00, 0.00
196,  0,  6.507,  0.93,  1,  4.1,  2.9,  352.2,  0.258,  -0.026,  0.051, 0.01, 0.00, 0.00, 0.00, 0.48, 0.56, 0.00, 0.85, 1.39, 0.16, 0.00, 0.45, 0.28, 0.00, 0.50, 0.34, 0.04, 0.00, 0.00, 0.00, 0.00, 0.00, 1.00, 0.00, 1.00, 1.00, 0.00, 0.00, 0.00, 0.00, 0.00, 0.00, 0.00, 0.00, 0.00
197,  0,  6.540,  0.93,  1,  4.2,  3.3,  351.6,  0.260,  -0.026,  0.051, 0.00, 0.00, 0.00, 0.00, 0.49, 0.41, 0.00, 0.85, 1.37, 0.09, 0.00, 0.54, 0.32, 0.00, 0.55, 0.39, 0.00, 0.00, 0.00, 0.00, 0.00, 0.00, 1.00, 0.00, 1.00, 1.00, 0.00, 0.00, 0.00, 0.00, 0.00, 0.00, 0.00, 0.00, 0.00
198,  0,  6.573,  0.93,  1,  4.3,  3.6,  351.2,  0.263,  -0.025,  0.050, 0.00, 0.00, 0.00, 0.00, 0.49, 0.39, 0.00, 0.84, 1.38, 0.06, 0.00, 0.61, 0.25, 0.00, 0.50, 0.33, 0.00, 0.00, 0.00, 0.00, 0.00, 0.00, 1.00, 0.00, 1.00, 1.00, 0.00, 0.00, 0.00, 0.00, 0.00, 0.00, 0.00, 0.00, 0.00
199,  0,  6.607,  0.93,  1,  4.3,  3.8,  350.6,  0.264,  -0.023,  0.050, 0.00, 0.00, 0.00, 0.00, 0.53, 0.49, 0.00, 0.79, 1.36, 0.02, 0.00, 0.61, 0.23, 0.00, 0.46, 0.29, 0.00, 0.00, 0.00, 0.00, 0.00, 0.00, 1.00, 0.00, 1.00, 1.00, 0.00, 0.00, 0.00, 0.00, 0.00, 0.00, 0.00, 0.00, 0.00
200,  0,  6.640,  0.93,  1,  4.3,  3.9,  350.3,  0.264,  -0.022,  0.051, 0.00, 0.00, 0.00, 0.00, 0.57, 0.69, 0.00, 0.80, 1.38, 0.06, 0.00, 0.51, 0.16, 0.00, 0.51, 0.29, 0.00, 0.00, 0.00, 0.00, 0.00, 0.00, 1.00, 0.00, 1.00, 1.00, 0.00, 0.00, 0.00, 0.00, 0.00, 0.00, 0.00, 0.00, 0.00
201,  0,  6.673,  0.93,  1,  4.1,  4.0,  350.1,  0.265,  -0.020,  0.054, 0.00, 0.00, 0.00, 0.00, 0.60, 0.78, 0.00, 0.77, 1.38, 0.05, 0.00, 0.34, 0.16, 0.00, 0.64, 0.30, 0.00, 0.00, 0.00, 0.00, 0.00, 0.00, 1.00, 0.00, 1.00, 1.00, 0.00, 0.00, 0.00, 0.00, 0.00, 1.00, 0.00, 0.00, 0.00
202,  0,  6.707,  0.93,  1,  4.1,  3.9,  349.6,  0.266,  -0.019,  0.056, 0.00, 0.00, 0.00, 0.00, 0.61, 0.83, 0.00, 0.78, 1.39, 0.07, 0.00, 0.27, 0.16, 0.00, 0.76, 0.29, 0.00, 0.00, 0.00, 0.00, 0.00, 0.00, 1.00, 0.00, 1.00, 1.00, 0.00, 0.00, 0.00, 0.00, 0.00, 1.00, 0.00, 0.00, 0.00
203,  0,  6.740,  0.93,  1,  4.1,  3.9,  349.4,  0.266,  -0.019,  0.056, 0.00, 0.00, 0.00, 0.00, 0.61, 0.72, 0.00, 0.77, 1.37, 0.04, 0.00, 0.20, 0.17, 0.00, 0.83, 0.26, 0.00, 0.00, 0.00, 0.00, 0.00, 0.00, 1.00, 0.00, 1.00, 1.00, 0.00, 0.00, 0.00, 0.00, 0.00, 1.00, 0.00, 0.00, 0.00
204,  0,  6.773,  0.93,  1,  4.2,  3.9,  349.2,  0.267,  -0.018,  0.058, 0.00, 0.00, 0.00, 0.00, 0.61, 0.59, 0.00, 0.82, 1.34, 0.04, 0.00, 0.20, 0.26, 0.00, 0.84, 0.24, 0.00, 0.00, 0.00, 0.00, 0.00, 0.00, 1.00, 0.00, 1.00, 1.00, 0.00, 0.00, 0.00, 0.00, 0.00, 1.00, 0.00, 0.00, 0.00
205,  0,  6.807,  0.93,  1,  4.5,  4.0,  349.0,  0.268,  -0.019,  0.059, 0.00, 0.00, 0.00, 0.00, 0.62, 0.58, 0.00, 0.78, 1.34, 0.01, 0.00, 0.12, 0.24, 0.00, 0.87, 0.22, 0.00, 0.00, 0.00, 0.00, 0.00, 0.00, 1.00, 0.00, 1.00, 1.00, 0.00, 0.00, 0.00, 0.00, 0.00, 1.00, 0.00, 0.00, 0.00
206,  0,  6.840,  0.98,  1,  4.6,  4.2,  348.0,  0.268,  -0.022,  0.059, 0.00, 0.00, 0.00, 0.00, 0.62, 0.52, 0.00, 0.76, 1.31, 0.00, 0.00, 0.12, 0.25, 0.00, 0.90, 0.19, 0.00, 0.00, 0.00, 0.00, 0.00, 0.00, 1.00, 0.00, 1.00, 1.00, 0.00, 0.00, 0.00, 0.00, 0.00, 1.00, 0.00, 0.00, 0.00
207,  0,  6.874,  0.98,  1,  4.8,  4.4,  348.0,  0.269,  -0.021,  0.060, 0.00, 0.00, 0.00, 0.00, 0.64, 0.57, 0.00, 0.67, 1.31, 0.00, 0.00, 0.08, 0.17, 0.00, 0.94, 0.22, 0.00, 0.00, 0.00, 0.00, 0.00, 0.00, 1.00, 0.00, 1.00, 1.00, 0.00, 0.00, 0.00, 0.00, 0.00, 1.00, 0.00, 0.00, 0.00
208,  0,  6.907,  0.98,  1,  4.9,  4.5,  347.7,  0.270,  -0.022,  0.061, 0.00, 0.00, 0.00, 0.00, 0.62, 0.55, 0.00, 0.69, 1.30, 0.01, 0.00, 0.12, 0.17, 0.00, 0.94, 0.22, 0.00, 0.00, 0.00, 0.00, 0.00, 0.00, 1.00, 0.00, 1.00, 1.00, 0.00, 0.00, 0.00, 0.00, 0.00, 1.00, 0.00, 0.00, 0.00
209,  0,  6.940,  0.98,  1,  4.9,  4.6,  347.9,  0.271,  -0.022,  0.061, 0.00, 0.00, 0.00, 0.00, 0.56, 0.52, 0.00, 0.73, 1.32, 0.02, 0.00, 0.12, 0.15, 0.00, 0.92, 0.19, 0.00, 0.00, 0.00, 0.00, 0.00, 0.00, 1.00, 0.00, 1.00, 1.00, 0.00, 0.00, 0.00, 0.00, 0.00, 1.00, 0.00, 0.00, 0.00
210,  0,  6.974,  0.98,  1,  5.1,  4.7,  348.0,  0.270,  -0.023,  0.062, 0.00, 0.00, 0.00, 0.00, 0.54, 0.55, 0.00, 0.76, 1.34, 0.06, 0.00, 0.13, 0.11, 0.00, 0.88, 0.15, 0.00, 0.00, 0.00, 0.00, 0.00, 0.00, 1.00, 0.00, 1.00, 1.00, 0.00, 0.00, 0.00, 0.00, 0.00, 1.00, 0.00, 0.00, 0.00
211,  0,  7.007,  0.98,  1,  5.2,  4.7,  348.0,  0.271,  -0.023,  0.062, 0.00, 0.00, 0.00, 0.00, 0.55, 0.51, 0.00, 0.79, 1.36, 0.05, 0.00, 0.11, 0.05, 0.00, 0.83, 0.12, 0.00, 0.00, 0.00, 0.00, 0.00, 0.00, 1.00, 0.00, 1.00, 1.00, 0.00, 0.00, 0.00, 0.00, 0.00, 1.00, 0.00, 0.00, 0.00
212,  0,  7.040,  0.98,  1,  5.3,  4.7,  347.9,  0.270,  -0.024,  0.062, 0.00, 0.00, 0.00, 0.00, 0.59, 0.56, 0.00, 0.75, 1.36, 0.06, 0.00, 0.07, 0.01, 0.00, 0.82, 0.09, 0.00, 0.00, 0.00, 0.00, 0.00, 0.00, 1.00, 0.00, 1.00, 1.00, 0.00, 0.00, 0.00, 0.00, 0.00, 1.00, 0.00, 0.00, 0.00
213,  0,  7.074,  0.98,  1,  5.4,  4.8,  347.7,  0.269,  -0.024,  0.063, 0.00, 0.00, 0.00, 0.00, 0.57, 0.50, 0.00, 0.72, 1.33, 0.05, 0.00, 0.09, 0.02, 0.00, 0.80, 0.06, 0.00, 0.00, 0.00, 0.00, 0.00, 0.00, 1.00, 0.00, 1.00, 1.00, 0.00, 0.00, 0.00, 0.00, 0.00, 1.00, 0.00, 0.00, 0.00
214,  0,  7.107,  0.98,  1,  5.6,  4.8,  347.6,  0.268,  -0.025,  0.063, 0.00, 0.00, 0.00, 0.00, 0.55, 0.46, 0.00, 0.65, 1.32, 0.08, 0.00, 0.10, 0.04, 0.00, 0.78, 0.04, 0.00, 0.00, 0.00, 0.00, 0.00, 0.00, 1.00, 0.00, 1.00, 1.00, 0.00, 0.00, 0.00, 0.00, 0.00, 1.00, 0.00, 0.00, 0.00
215,  0,  7.140,  0.98,  1,  5.7,  4.9,  347.5,  0.267,  -0.025,  0.063, 0.00, 0.00, 0.00, 0.00, 0.51, 0.33, 0.00, 0.59, 1.30, 0.07, 0.00, 0.12, 0.05, 0.00, 0.76, 0.02, 0.00, 0.00, 0.00, 0.00, 0.00, 0.00, 1.00, 0.00, 1.00, 1.00, 0.00, 0.00, 0.00, 0.00, 0.00, 1.00, 0.00, 0.00, 0.00
216,  0,  7.174,  0.98,  1,  5.7,  5.0,  347.1,  0.267,  -0.025,  0.063, 0.00, 0.00, 0.00, 0.00, 0.48, 0.25, 0.00, 0.58, 1.29, 0.04, 0.00, 0.07, 0.08, 0.00, 0.73, 0.04, 0.00, 0.00, 0.00, 0.00, 0.00, 0.00, 1.00, 0.00, 1.00, 1.00, 0.00, 0.00, 0.00, 0.00, 0.00, 1.00, 0.00, 0.00, 0.00
217,  0,  7.207,  0.98,  1,  5.8,  5.0,  347.0,  0.267,  -0.024,  0.063, 0.00, 0.00, 0.00, 0.00, 0.45, 0.21, 0.00, 0.54, 1.26, 0.01, 0.00, 0.04, 0.11, 0.00, 0.72, 0.05, 0.00, 0.00, 0.00, 0.00, 0.00, 0.00, 1.00, 0.00, 1.00, 1.00, 0.00, 0.00, 0.00, 0.00, 0.00, 1.00, 0.00, 0.00, 0.00
218,  0,  7.241,  0.98,  1,  5.8,  5.0,  347.0,  0.267,  -0.024,  0.063, 0.00, 0.00, 0.00, 0.00, 0.43, 0.23, 0.00, 0.53, 1.25, 0.01, 0.00, 0.02, 0.13, 0.00, 0.68, 0.07, 0.00, 0.00, 0.00, 0.00, 0.00, 0.00, 1.00, 0.00, 1.00, 1.00, 0.00, 0.00, 0.00, 0.00, 0.00, 1.00, 0.00, 0.00, 0.00
219,  0,  7.274,  0.98,  1,  5.8,  5.1,  346.7,  0.266,  -0.024,  0.063, 0.00, 0.00, 0.00, 0.00, 0.40, 0.16, 0.00, 0.51, 1.24, 0.01, 0.00, 0.02, 0.13, 0.00, 0.69, 0.09, 0.00, 0.00, 0.00, 0.00, 0.00, 0.00, 1.00, 0.00, 1.00, 1.00, 0.00, 0.00, 0.00, 0.00, 0.00, 1.00, 0.00, 0.00, 0.00
220,  0,  7.307,  0.98,  1,  5.9,  5.1,  346.4,  0.266,  -0.024,  0.062, 0.00, 0.00, 0.00, 0.00, 0.39, 0.19, 0.00, 0.50, 1.25, 0.00, 0.00, 0.00, 0.11, 0.00, 0.67, 0.11, 0.00, 0.00, 0.00, 0.00, 0.00, 0.00, 1.00, 0.00, 1.00, 1.00, 0.00, 0.00, 0.00, 0.00, 0.00, 1.00, 0.00, 0.00, 0.00
221,  0,  7.341,  0.98,  1,  5.9,  5.2,  346.2,  0.266,  -0.024,  0.062, 0.00, 0.00, 0.00, 0.00, 0.40, 0.22, 0.00, 0.53, 1.27, 0.01, 0.00, 0.00, 0.09, 0.00, 0.70, 0.11, 0.00, 0.00, 0.00, 0.00, 0.00, 0.00, 1.00, 0.00, 1.00, 1.00, 0.00, 0.00, 0.00, 0.00, 0.00, 1.00, 0.00, 0.00, 0.00
222,  0,  7.374,  0.98,  1,  5.9,  5.3,  346.0,  0.266,  -0.024,  0.063, 0.00, 0.00, 0.00, 0.00, 0.41, 0.28, 0.00, 0.52, 1.25, 0.01, 0.00, 0.00, 0.10, 0.02, 0.68, 0.12, 0.00, 0.00, 0.00, 0.00, 0.00, 0.00, 1.00, 0.00, 1.00, 1.00, 0.00, 0.00, 0.00, 0.00, 0.00, 1.00, 0.00, 0.00, 0.00
223,  0,  7.407,  0.98,  1,  5.9,  5.3,  345.9,  0.264,  -0.024,  0.063, 0.00, 0.00, 0.00, 0.00, 0.37, 0.29, 0.00, 0.51, 1.22, 0.01, 0.00, 0.00, 0.13, 0.05, 0.67, 0.11, 0.00, 0.00, 0.00, 0.00, 0.00, 0.00, 1.00, 0.00, 1.00, 1.00, 0.00, 0.00, 0.00, 0.00, 0.00, 1.00, 0.00, 0.00, 0.00
224,  0,  7.441,  0.98,  1,  5.9,  5.3,  345.8,  0.261,  -0.024,  0.063, 0.00, 0.00, 0.00, 0.00, 0.34, 0.22, 0.00, 0.47, 1.19, 0.00, 0.00, 0.00, 0.15, 0.07, 0.67, 0.13, 0.00, 0.00, 0.00, 0.00, 0.00, 0.00, 1.00, 0.00, 1.00, 1.00, 0.00, 0.00, 0.00, 0.00, 0.00, 1.00, 0.00, 0.00, 0.00
225,  0,  7.474,  0.98,  1,  6.0,  5.4,  345.9,  0.261,  -0.024,  0.063, 0.00, 0.00, 0.00, 0.00, 0.31, 0.21, 0.00, 0.47, 1.20, 0.00, 0.00, 0.00, 0.10, 0.08, 0.69, 0.15, 0.00, 0.00, 0.00, 0.00, 0.00, 0.00, 1.00, 0.00, 1.00, 1.00, 0.00, 0.00, 0.00, 0.00, 0.00, 1.00, 0.00, 0.00, 0.00
226,  0,  7.508,  0.98,  1,  6.0,  5.4,  345.9,  0.260,  -0.024,  0.063, 0.00, 0.00, 0.00, 0.00, 0.31, 0.17, 0.00, 0.48, 1.18, 0.00, 0.00, 0.00, 0.03, 0.09, 0.72, 0.14, 0.00, 0.00, 0.00, 0.00, 0.00, 0.00, 1.00, 0.00, 1.00, 1.00, 0.00, 0.00, 0.00, 0.00, 0.00, 1.00, 0.00, 0.00, 0.00
227,  0,  7.541,  0.98,  1,  6.1,  5.4,  345.8,  0.259,  -0.026,  0.063, 0.00, 0.00, 0.00, 0.00, 0.28, 0.18, 0.00, 0.43, 1.17, 0.00, 0.00, 0.03, 0.01, 0.11, 0.69, 0.13, 0.00, 0.00, 0.00, 0.00, 0.00, 0.00, 1.00, 0.00, 0.00, 1.00, 0.00, 0.00, 0.00, 0.00, 0.00, 0.00, 0.00, 0.00, 0.00
228,  0,  7.574,  0.98,  1,  6.1,  5.4,  345.5,  0.257,  -0.026,  0.063, 0.00, 0.00, 0.00, 0.00, 0.26, 0.25, 0.00, 0.38, 1.16, 0.00, 0.00, 0.03, 0.00, 0.11, 0.65, 0.19, 0.00, 0.00, 0.00, 0.00, 0.00, 0.00, 1.00, 0.00, 0.00, 1.00, 0.00, 0.00, 0.00, 0.00, 0.00, 0.00, 0.00, 0.00, 0.00
229,  0,  7.608,  0.98,  1,  6.0,  5.3,  346.2,  0.251,  -0.025,  0.063, 0.00, 0.00, 0.00, 0.00, 0.26, 0.30, 0.00, 0.35, 1.16, 0.00, 0.00, 0.06, 0.00, 0.09, 0.59, 0.23, 0.00, 0.00, 0.00, 0.00, 0.00, 0.00, 1.00, 0.00, 0.00, 1.00, 0.00, 0.00, 0.00, 0.00, 0.00, 0.00, 0.00, 0.00, 0.00
230,  0,  7.641,  0.98,  1,  6.0,  5.4,  345.9,  0.252,  -0.026,  0.063, 0.00, 0.00, 0.00, 0.00, 0.25, 0.35, 0.00, 0.36, 1.14, 0.00, 0.00, 0.10, 0.00, 0.07, 0.52, 0.29, 0.00, 0.00, 0.00, 0.00, 0.00, 0.00, 1.00, 0.00, 0.00, 1.00, 0.00, 0.00, 0.00, 0.00, 0.00, 0.00, 0.00, 0.00, 0.00
231,  0,  7.674,  0.93,  1,  5.9,  5.4,  346.5,  0.249,  -0.025,  0.064, 0.00, 0.00, 0.00, 0.00, 0.26, 0.36, 0.00, 0.36, 1.13, 0.00, 0.00, 0.13, 0.00, 0.05, 0.50, 0.30, 0.00, 0.00, 0.00, 0.00, 0.00, 0.00, 1.00, 0.00, 0.00, 1.00, 0.00, 0.00, 0.00, 0.00, 0.00, 0.00, 0.00, 0.00, 0.00
232,  0,  7.708,  0.93,  1,  5.8,  5.4,  346.4,  0.246,  -0.025,  0.064, 0.00, 0.00, 0.00, 0.00, 0.24, 0.39, 0.00, 0.28, 1.11, 0.00, 0.00, 0.13, 0.00, 0.08, 0.45, 0.37, 0.00, 0.00, 0.00, 0.00, 0.00, 0.00, 1.00, 0.00, 0.00, 1.00, 0.00, 0.00, 0.00, 0.00, 0.00, 0.00, 0.00, 0.00, 0.00
233,  0,  7.741,  0.98,  1,  5.6,  5.4,  345.6,  0.249,  -0.026,  0.063, 0.00, 0.00, 0.00, 0.00, 0.25, 0.43, 0.00, 0.27, 1.11, 0.00, 0.00, 0.10, 0.00, 0.12, 0.43, 0.44, 0.00, 0.00, 0.00, 0.00, 0.00, 0.00, 1.00, 0.00, 0.00, 1.00, 0.00, 0.00, 0.00, 0.00, 0.00, 0.00, 0.00, 0.00, 0.00
234,  0,  7.774,  0.98,  1,  5.5,  5.4,  345.5,  0.248,  -0.025,  0.061, 0.00, 0.00, 0.00, 0.00, 0.28, 0.46, 0.00, 0.28, 1.11, 0.00, 0.00, 0.08, 0.01, 0.19, 0.42, 0.48, 0.00, 0.00, 0.00, 0.00, 0.00, 0.00, 1.00, 0.00, 0.00, 1.00, 0.00, 0.00, 0.00, 0.00, 0.00, 0.00, 0.00, 0.00, 0.00
235,  0,  7.808,  0.98,  1,  5.5,  5.5,  345.6,  0.252,  -0.025,  0.061, 0.00, 0.00, 0.00, 0.00, 0.33, 0.57, 0.00, 0.27, 1.13, 0.00, 0.00, 0.13, 0.00, 0.23, 0.44, 0.46, 0.03, 0.00, 0.00, 0.00, 0.00, 0.00, 1.00, 0.00, 0.00, 1.00, 0.00, 0.00, 0.00, 0.00, 0.00, 0.00, 0.00, 0.00, 0.00
236,  0,  7.841,  0.98,  1,  5.5,  5.6,  345.3,  0.252,  -0.025,  0.061, 0.00, 0.00, 0.00, 0.00, 0.34, 0.61, 0.00, 0.25, 1.13, 0.00, 0.00, 0.11, 0.04, 0.27, 0.42, 0.45, 0.07, 0.00, 0.00, 0.00, 0.00, 0.00, 1.00, 0.00, 0.00, 1.00, 0.00, 0.00, 0.00, 0.00, 0.00, 0.00, 0.00, 0.00, 0.00
237,  0,  7.875,  0.98,  1,  5.5,  5.6,  345.2,  0.252,  -0.025,  0.061, 0.00, 0.00, 0.00, 0.00, 0.30, 0.71, 0.00, 0.16, 1.11, 0.00, 0.00, 0.14, 0.06, 0.32, 0.34, 0.41, 0.09, 0.00, 0.00, 0.00, 0.00, 0.00, 1.00, 0.00, 0.00, 1.00, 0.00, 0.00, 0.00, 0.00, 0.00, 0.00, 0.00, 0.00, 0.00
238,  0,  7.908,  0.98,  1,  5.5,  5.8,  344.9,  0.251,  -0.026,  0.062, 0.00, 0.00, 0.00, 0.00, 0.24, 0.67, 0.00, 0.10, 1.08, 0.00, 0.00, 0.08, 0.10, 0.32, 0.26, 0.37, 0.08, 0.00, 0.00, 0.00, 0.00, 0.00, 1.00, 0.00, 0.00, 1.00, 0.00, 0.00, 0.00, 0.00, 0.00, 0.00, 0.00, 0.00, 0.00
239,  0,  7.941,  0.98,  1,  5.5,  5.9,  344.7,  0.249,  -0.026,  0.062, 0.00, 0.00, 0.00, 0.00, 0.21, 0.71, 0.00, 0.03, 1.05, 0.00, 0.00, 0.11, 0.23, 0.36, 0.24, 0.36, 0.12, 0.00, 0.00, 0.00, 0.00, 0.00, 1.00, 0.00, 0.00, 1.00, 0.00, 0.00, 0.00, 0.00, 0.00, 0.00, 0.00, 0.00, 0.00
240,  0,  7.975,  0.98,  1,  5.4,  6.0,  344.5,  0.251,  -0.026,  0.063, 0.00, 0.00, 0.00, 0.00, 0.18, 0.71, 0.00, 0.00, 1.07, 0.00, 0.00, 0.08, 0.33, 0.37, 0.27, 0.42, 0.19, 0.00, 0.00, 0.00, 0.00, 0.00, 1.00, 0.00, 0.00, 1.00, 0.00, 0.00, 0.00, 0.00, 0.00, 0.00, 0.00, 0.00, 0.00
241,  0,  8.008,  0.98,  1,  5.4,  6.1,  344.3,  0.247,  -0.027,  0.063, 0.00, 0.00, 0.00, 0.00, 0.19, 0.79, 0.00, 0.00, 1.10, 0.00, 0.00, 0.12, 0.40, 0.39, 0.26, 0.54, 0.29, 0.00, 0.00, 0.00, 0.00, 0.00, 1.00, 0.00, 0.00, 1.00, 0.00, 0.00, 0.00, 0.00, 0.00, 0.00, 0.00, 0.00, 0.00
242,  0,  8.041,  0.98,  1,  5.3,  6.2,  344.7,  0.247,  -0.026,  0.063, 0.00, 0.00, 0.00, 0.00, 0.19, 0.75, 0.00, 0.00, 1.11, 0.00, 0.00, 0.12, 0.33, 0.41, 0.28, 0.62, 0.32, 0.00, 0.00, 0.00, 0.00, 0.00, 1.00, 0.00, 0.00, 1.00, 0.00, 0.00, 0.00, 0.00, 0.00, 0.00, 0.00, 0.00, 0.00
243,  0,  8.075,  0.98,  1,  5.4,  6.4,  344.2,  0.249,  -0.026,  0.062, 0.00, 0.00, 0.00, 0.00, 0.18, 0.73, 0.00, 0.00, 1.07, 0.00, 0.00, 0.14, 0.30, 0.43, 0.24, 0.68, 0.33, 0.00, 0.00, 0.00, 0.00, 0.00, 1.00, 0.00, 0.00, 1.00, 0.00, 0.00, 0.00, 0.00, 0.00, 0.00, 0.00, 0.00, 0.00
244,  0,  8.108,  0.98,  1,  5.3,  6.5,  344.1,  0.247,  -0.025,  0.062, 0.00, 0.00, 0.00, 0.00, 0.18, 0.63, 0.00, 0.00, 1.03, 0.00, 0.00, 0.14, 0.25, 0.46, 0.25, 0.70, 0.26, 0.00, 0.00, 0.00, 0.00, 0.00, 1.00, 0.00, 0.00, 1.00, 0.00, 0.00, 0.00, 0.00, 0.00, 0.00, 0.00, 0.00, 0.00
245,  0,  8.141,  0.98,  1,  5.3,  6.6,  344.1,  0.247,  -0.025,  0.061, 0.00, 0.00, 0.00, 0.00, 0.20, 0.73, 0.00, 0.00, 1.01, 0.00, 0.00, 0.15, 0.18, 0.46, 0.17, 0.72, 0.25, 0.00, 0.00, 0.00, 0.00, 0.00, 1.00, 0.00, 0.00, 1.00, 0.00, 0.00, 0.00, 0.00, 0.00, 0.00, 0.00, 0.00, 0.00
246,  0,  8.175,  0.98,  1,  5.3,  6.7,  344.0,  0.243,  -0.026,  0.062, 0.00, 0.00, 0.00, 0.00, 0.17, 0.70, 0.00, 0.01, 0.97, 0.00, 0.00, 0.21, 0.10, 0.45, 0.11, 0.71, 0.15, 0.00, 0.00, 0.00, 0.00, 0.00, 1.00, 0.00, 0.00, 1.00, 0.00, 0.00, 0.00, 0.00, 0.00, 0.00, 0.00, 0.00, 0.00
247,  0,  8.208,  0.98,  1,  5.3,  6.9,  344.1,  0.246,  -0.026,  0.062, 0.00, 0.00, 0.00, 0.00, 0.18, 0.71, 0.00, 0.03, 0.93, 0.00, 0.00, 0.27, 0.07, 0.44, 0.06, 0.66, 0.16, 0.00, 0.00, 0.00, 0.00, 0.00, 1.00, 0.00, 0.00, 1.00, 0.00, 0.00, 0.00, 0.00, 0.00, 0.00, 0.00, 0.00, 0.00
248,  0,  8.242,  0.98,  1,  5.3,  7.1,  344.8,  0.252,  -0.025,  0.062, 0.00, 0.00, 0.00, 0.00, 0.21, 0.70, 0.00, 0.08, 0.87, 0.00, 0.00, 0.34, 0.10, 0.37, 0.06, 0.58, 0.15, 0.00, 0.00, 0.00, 0.00, 0.00, 1.00, 0.00, 0.00, 1.00, 0.00, 0.00, 0.00, 0.00, 0.00, 0.00, 0.00, 0.00, 0.00
249,  0,  8.275,  0.98,  1,  4.9,  7.3,  345.8,  0.253,  -0.022,  0.058, 0.00, 0.00, 0.00, 0.00, 0.38, 0.85, 0.02, 0.19, 0.84, 0.00, 0.00, 0.41, 0.17, 0.22, 0.16, 0.50, 0.62, 0.00, 0.00, 0.00, 0.00, 0.00, 1.00, 0.00, 0.00, 1.00, 0.00, 0.00, 0.00, 0.00, 0.00, 0.00, 0.00, 0.00, 1.00
250,  0,  8.308,  0.98,  1,  4.2,  7.6,  348.7,  0.265,  -0.016,  0.052, 0.00, 0.00, 0.00, 0.00, 0.45, 1.01, 0.07, 0.21, 0.79, 0.00, 0.00, 0.46, 0.21, 0.09, 0.28, 0.47, 1.21, 0.00, 0.00, 0.00, 0.00, 0.00, 1.00, 0.00, 0.00, 0.00, 0.00, 0.00, 0.00, 0.00, 0.00, 0.00, 0.00, 0.00, 1.00
251,  0,  8.342,  0.93,  1,  2.9,  7.8,  350.6,  0.271,  -0.006,  0.047, 0.00, 0.00, 0.00, 0.00, 0.44, 1.02, 0.12, 0.24, 0.74, 0.00, 0.00, 0.50, 0.27, 0.00, 0.38, 0.45, 1.81, 0.00, 0.00, 0.00, 0.00, 0.00, 1.00, 0.00, 0.00, 0.00, 0.00, 0.00, 0.00, 0.00, 0.00, 0.00, 0.00, 0.00, 1.00
252,  0,  8.375,  0.93,  1,  1.8,  7.8,  347.5,  0.255,  0.000,  0.042, 0.00, 0.00, 0.00, 0.00, 0.32, 0.96, 0.24, 0.21, 0.66, 0.00, 0.00, 0.58, 0.24, 0.00, 0.36, 0.45, 2.10, 0.00, 0.00, 0.00, 0.00, 0.00, 1.00, 0.00, 0.00, 0.00, 0.00, 0.00, 0.00, 0.00, 0.00, 0.00, 0.00, 0.00, 1.00
253,  0,  8.408,  0.93,  1,  0.8,  7.6,  348.6,  0.245,  0.008,  0.034, 0.00, 0.00, 0.00, 0.00, 0.26, 0.85, 0.33, 0.31, 0.61, 0.00, 0.00, 0.71, 0.16, 0.00, 0.29, 0.56, 2.15, 0.00, 0.00, 0.00, 0.00, 0.00, 1.00, 0.00, 0.00, 0.00, 0.00, 1.00, 0.00, 0.00, 0.00, 0.00, 0.00, 0.00, 1.00
254,  0,  8.442,  0.93,  1,  0.6,  7.1,  347.5,  0.233,  0.008,  0.029, 0.00, 0.00, 0.00, 0.00, 0.29, 0.90, 0.47, 0.34, 0.56, 0.00, 0.00, 0.76, 0.05, 0.00, 0.35, 0.65, 1.97, 0.00, 0.00, 0.00, 0.00, 0.00, 1.00, 0.00, 0.00, 0.00, 0.00, 1.00, 1.00, 0.00, 0.00, 0.00, 0.00, 0.00, 1.00
255,  0,  8.475,  0.93,  1,  0.7,  6.3,  343.5,  0.229,  0.002,  0.026, 0.00, 0.00, 0.00, 0.00, 0.35, 1.02, 0.53, 0.34, 0.48, 0.00, 0.00, 0.71, 0.00, 0.00, 0.34, 0.67, 1.62, 0.00, 0.00, 0.00, 0.00, 0.00, 1.00, 0.00, 0.00, 0.00, 0.00, 1.00, 1.00, 0.00, 0.00, 0.00, 0.00, 0.00, 1.00
256,  0,  8.509,  0.98,  1,  0.7,  5.6,  343.9,  0.233,  0.006,  0.024, 0.00, 0.00, 0.00, 0.00, 0.36, 1.24, 0.54, 0.28, 0.37, 0.00, 0.07, 0.69, 0.05, 0.00, 0.25, 0.48, 1.14, 0.00, 0.00, 0.00, 0.00, 0.00, 1.00, 0.00, 0.00, 0.00, 0.00, 1.00, 1.00, 0.00, 0.00, 0.00, 0.00, 0.00, 1.00
257,  0,  8.542,  0.98,  1,  0.5,  4.6,  346.8,  0.234,  0.015,  0.024, 0.00, 0.00, 0.00, 0.00, 0.29, 1.39, 0.46, 0.17, 0.26, 0.00, 0.11, 0.68, 0.12, 0.11, 0.07, 0.34, 0.64, 0.00, 0.00, 0.00, 0.00, 0.00, 1.00, 0.00, 0.00, 0.00, 0.00, 1.00, 1.00, 0.00, 0.00, 0.00, 0.00, 0.00, 1.00
258,  0,  8.575,  0.98,  1,  0.4,  3.1,  344.9,  0.218,  0.012,  0.026, 0.00, 0.00, 0.00, 0.00, 0.15, 1.36, 0.26, 0.08, 0.15, 0.00, 0.23, 0.85, 0.32, 0.23, 0.00, 0.23, 0.23, 0.00, 0.00, 0.00, 0.00, 0.00, 1.00, 0.00, 0.00, 0.00, 0.00, 1.00, 1.00, 0.00, 0.00, 0.00, 0.00, 0.00, 1.00
259,  0,  8.609,  0.98,  1,  1.0,  1.7,  346.0,  0.199,  0.006,  0.026, 0.00, 0.00, 0.00, 0.00, 0.07, 1.32, 0.10, 0.00, 0.06, 0.00, 0.30, 0.97, 0.48, 0.35, 0.00, 0.15, 0.02, 0.00, 0.00, 0.00, 0.00, 0.00, 1.00, 0.00, 0.00, 0.00, 0.00, 1.00, 1.00, 0.00, 0.00, 0.00, 0.00, 0.00, 1.00
260,  0,  8.642,  0.98,  1,  1.7,  1.2,  346.6,  0.195,  -0.001,  0.025, 0.00, 0.00, 0.00, 0.00, 0.00, 1.25, 0.00, 0.00, 0.00, 0.00, 0.40, 0.95, 0.61, 0.24, 0.00, 0.20, 0.00, 0.00, 0.00, 0.00, 0.00, 0.00, 1.00, 0.00, 0.00, 0.00, 0.00, 1.00, 1.00, 0.00, 0.00, 0.00, 0.00, 0.00, 0.00
261,  0,  8.675,  0.98,  1,  1.9,  1.3,  346.3,  0.206,  0.003,  0.021, 0.00, 0.00, 0.00, 0.00, 0.00, 1.14, 0.00, 0.00, 0.00, 0.00, 0.50, 0.70, 0.46, 0.12, 0.00, 0.25, 0.00, 0.00, 0.00, 0.00, 0.00, 0.00, 1.00, 0.00, 0.00, 0.00, 0.00, 1.00, 1.00, 0.00, 0.00, 0.00, 0.00, 0.00, 0.00
262,  0,  8.709,  0.98,  1,  1.9,  1.0,  346.3,  0.202,  0.003,  0.020, 0.00, 0.00, 0.00, 0.02, 0.00, 1.08, 0.00, 0.03, 0.00, 0.00, 0.52, 0.48, 0.24, 0.00, 0.05, 0.47, 0.00, 0.00, 0.00, 0.00, 0.00, 0.00, 1.00, 0.00, 0.00, 0.00, 0.00, 1.00, 0.00, 0.00, 0.00, 0.00, 0.00, 0.00, 0.00
263,  0,  8.742,  0.98,  1,  2.0,  0.6,  345.6,  0.205,  0.004,  0.017, 0.00, 0.00, 0.00, 0.04, 0.00, 0.88, 0.00, 0.03, 0.00, 0.00, 0.53, 0.40, 0.04, 0.00, 0.05, 0.53, 0.00, 0.00, 0.00, 0.00, 0.00, 0.00, 1.00, 0.00, 0.00, 0.00, 0.00, 1.00, 0.00, 0.00, 0.00, 0.00, 0.00, 0.00, 0.00
264,  0,  8.775,  0.98,  1,  2.3,  0.3,  345.5,  0.206,  0.003,  0.015, 0.00, 0.00, 0.00, 0.04, 0.00, 0.85, 0.00, 0.03, 0.01, 0.00, 0.53, 0.46, 0.12, 0.00, 0.05, 0.48, 0.00, 0.00, 0.00, 0.00, 0.00, 0.00, 1.00, 0.00, 0.00, 0.00, 0.00, 1.00, 0.00, 0.00, 0.00, 0.00, 0.00, 0.00, 0.00
265,  0,  8.809,  0.98,  1,  2.4,  -0.1,  346.3,  0.192,  0.002,  0.014, 0.00, 0.00, 0.00, 0.03, 0.00, 0.61, 0.00, 0.00, 0.02, 0.00, 0.52, 0.63, 0.34, 0.03, 0.00, 0.30, 0.00, 0.00, 0.00, 0.00, 0.00, 0.00, 1.00, 0.00, 0.00, 0.00, 0.00, 1.00, 0.00, 0.00, 0.00, 0.00, 0.00, 0.00, 0.00
266,  0,  8.842,  0.98,  1,  2.7,  -0.2,  347.0,  0.193,  0.005,  0.016, 0.00, 0.00, 0.00, 0.01, 0.00, 0.56, 0.00, 0.00, 0.08, 0.00, 0.46, 0.77, 0.49, 0.04, 0.00, 0.12, 0.00, 0.00, 0.00, 0.00, 0.00, 0.00, 1.00, 0.00, 0.00, 0.00, 0.00, 1.00, 0.00, 0.00, 0.00, 0.00, 0.00, 0.00, 0.00
267,  0,  8.876,  0.98,  1,  3.0,  -0.2,  346.3,  0.199,  0.006,  0.017, 0.00, 0.00, 0.00, 0.03, 0.00, 0.53, 0.00, 0.00, 0.16, 0.00, 0.30, 0.75, 0.49, 0.04, 0.00, 0.13, 0.00, 0.00, 0.00, 0.00, 0.00, 0.00, 1.00, 0.00, 0.00, 0.00, 0.00, 1.00, 0.00, 0.00, 0.00, 0.00, 0.00, 0.00, 0.00
268,  0,  8.909,  0.98,  1,  3.8,  0.0,  347.1,  0.198,  0.004,  0.019, 0.00, 0.00, 0.00, 0.10, 0.00, 0.60, 0.00, 0.05, 0.26, 0.00, 0.16, 0.46, 0.27, 0.01, 0.03, 0.24, 0.00, 0.00, 0.00, 0.00, 0.00, 0.00, 1.00, 0.00, 0.00, 0.00, 0.00, 1.00, 0.00, 0.00, 0.00, 0.00, 0.00, 0.00, 0.00
269,  0,  8.942,  0.98,  1,  4.3,  0.6,  346.9,  0.223,  0.002,  0.020, 0.00, 0.00, 0.00, 0.16, 0.00, 0.50, 0.00, 0.11, 0.30, 0.00, 0.11, 0.32, 0.12, 0.00, 0.16, 0.49, 0.00, 0.00, 0.00, 0.00, 0.00, 0.00, 1.00, 0.00, 0.00, 0.00, 0.00, 1.00, 0.00, 0.00, 0.00, 0.00, 0.00, 0.00, 0.00
270,  0,  8.976,  0.98,  1,  4.9,  0.9,  347.6,  0.227,  0.005,  0.021, 0.00, 0.00, 0.00, 0.14, 0.04, 0.44, 0.06, 0.28, 0.32, 0.00, 0.14, 0.25, 0.00, 0.00, 0.36, 0.64, 0.00, 0.00, 0.00, 0.00, 0.00, 0.00, 1.00, 0.00, 1.00, 0.00, 0.00, 1.00, 0.00, 0.00, 0.00, 0.00, 0.00, 0.00, 0.00
271,  0,  9.009,  0.98,  1,  5.7,  1.3,  349.2,  0.226,  0.002,  0.025, 0.00, 0.00, 0.00, 0.06, 0.10, 0.34, 0.11, 0.35, 0.33, 0.00, 0.20, 0.33, 0.00, 0.00, 0.52, 0.70, 0.00, 0.00, 0.00, 0.00, 0.00, 0.00, 1.00, 0.00, 1.00, 0.00, 0.00, 0.00, 0.00, 0.00, 0.00, 0.00, 0.00, 0.00, 0.00
272,  0,  9.042,  0.98,  1,  7.0,  1.8,  349.4,  0.223,  -0.007,  0.029, 0.02, 0.00, 0.00, 0.00, 0.15, 0.48, 0.18, 0.45, 0.39, 0.00, 0.20, 0.21, 0.00, 0.00, 0.44, 0.49, 0.00, 0.00, 0.00, 0.00, 0.00, 0.00, 1.00, 0.00, 1.00, 0.00, 0.00, 0.00, 0.00, 0.00, 0.00, 0.00, 0.00, 0.00, 0.00
273,  0,  9.076,  0.98,  1,  8.5,  1.9,  351.0,  0.213,  -0.023,  0.033, 0.02, 0.00, 0.00, 0.00, 0.15, 0.41, 0.12, 0.28, 0.45, 0.00, 0.16, 0.22, 0.00, 0.00, 0.27, 0.28, 0.00, 0.00, 0.00, 0.00, 0.00, 0.00, 1.00, 0.00, 1.00, 0.00, 0.00, 0.00, 0.00, 0.00, 0.00, 0.00, 0.00, 0.00, 0.00
274,  0,  9.109,  0.98,  1,  9.8,  2.1,  352.0,  0.205,  -0.031,  0.038, 0.02, 0.00, 0.00, 0.00, 0.14, 0.45, 0.13, 0.19, 0.51, 0.00, 0.16, 0.16, 0.03, 0.00, 0.09, 0.07, 0.00, 0.00, 0.00, 0.00, 0.00, 0.00, 1.00, 0.00, 0.00, 0.00, 0.00, 0.00, 0.00, 0.00, 0.00, 0.00, 0.00, 0.00, 0.00
275,  0,  9.142,  0.98,  1,  11.0,  2.3,  353.3,  0.213,  -0.039,  0.040, 0.00, 0.00, 0.00, 0.00, 0.15, 0.30, 0.11, 0.10, 0.56, 0.00, 0.25, 0.22, 0.04, 0.00, 0.07, 0.03, 0.00, 0.00, 0.00, 0.00, 0.00, 0.00, 1.00, 0.00, 0.00, 0.00, 0.00, 0.00, 0.00, 0.00, 0.00, 0.00, 0.00, 0.00, 0.00
276,  0,  9.176,  0.98,  1,  11.9,  2.6,  352.6,  0.217,  -0.043,  0.043, 0.00, 0.00, 0.00, 0.00, 0.15, 0.37, 0.17, 0.16, 0.57, 0.00, 0.33, 0.18, 0.07, 0.00, 0.13, 0.04, 0.00, 0.00, 0.00, 0.00, 0.00, 0.00, 1.00, 0.00, 0.00, 0.00, 0.00, 0.00, 0.00, 0.00, 0.00, 0.00, 0.00, 0.00, 0.00
277,  0,  9.209,  0.98,  1,  12.2,  2.7,  352.1,  0.213,  -0.040,  0.044, 0.00, 0.00, 0.00, 0.00, 0.16, 0.33, 0.17, 0.24, 0.57, 0.00, 0.37, 0.21, 0.04, 0.00, 0.14, 0.04, 0.00, 0.00, 0.00, 0.00, 0.00, 0.00, 1.00, 0.00, 0.00, 0.00, 0.00, 0.00, 0.00, 0.00, 0.00, 0.00, 0.00, 0.00, 0.00
278,  0,  9.243,  0.98,  1,  12.3,  3.1,  352.4,  0.219,  -0.037,  0.045, 0.00, 0.00, 0.00, 0.00, 0.17, 0.40, 0.15, 0.29, 0.54, 0.00, 0.33, 0.21, 0.05, 0.00, 0.12, 0.02, 0.00, 0.00, 0.00, 0.00, 0.00, 0.00, 1.00, 0.00, 0.00, 0.00, 0.00, 0.00, 0.00, 0.00, 0.00, 0.00, 0.00, 0.00, 0.00
279,  0,  9.276,  0.98,  1,  12.5,  3.8,  351.8,  0.235,  -0.037,  0.048, 0.00, 0.00, 0.00, 0.00, 0.18, 0.24, 0.11, 0.33, 0.54, 0.00, 0.30, 0.18, 0.02, 0.00, 0.07, 0.09, 0.00, 0.00, 0.00, 0.00, 0.00, 0.00, 1.00, 0.00, 0.00, 0.00, 0.00, 0.00, 0.00, 0.00, 0.00, 0.00, 0.00, 0.00, 0.00
280,  0,  9.309,  0.93,  1,  12.7,  4.2,  352.1,  0.238,  -0.040,  0.051, 0.00, 0.00, 0.00, 0.00, 0.16, 0.13, 0.05, 0.25, 0.52, 0.00, 0.30, 0.10, 0.11, 0.00, 0.06, 0.09, 0.00, 0.00, 0.00, 0.00, 0.00, 0.00, 1.00, 0.00, 0.00, 0.00, 0.00, 1.00, 0.00, 0.00, 0.00, 0.00, 0.00, 0.00, 0.00
281,  0,  9.343,  0.98,  1,  12.8,  4.5,  351.8,  0.237,  -0.041,  0.054, 0.00, 0.00, 0.00, 0.00, 0.12, 0.00, 0.02, 0.15, 0.54, 0.00, 0.28, 0.17, 0.29, 0.07, 0.05, 0.09, 0.00, 0.00, 0.00, 0.00, 0.00, 0.00, 1.00, 0.00, 0.00, 0.00, 0.00, 1.00, 0.00, 1.00, 0.00, 0.00, 0.00, 0.00, 0.00
282,  0,  9.376,  0.98,  1,  12.8,  4.8,  351.6,  0.233,  -0.044,  0.054, 0.00, 0.00, 0.00, 0.00, 0.07, 0.01, 0.00, 0.05, 0.49, 0.00, 0.20, 0.28, 0.53, 0.09, 0.00, 0.04, 0.00, 0.00, 0.00, 0.00, 0.00, 0.00, 1.00, 0.00, 0.00, 0.00, 0.00, 1.00, 0.00, 1.00, 0.00, 0.00, 0.00, 0.00, 0.00
283,  0,  9.409,  0.98,  1,  12.1,  5.3,  350.7,  0.240,  -0.034,  0.052, 0.02, 0.00, 0.00, 0.00, 0.04, 0.01, 0.00, 0.00, 0.51, 0.00, 0.14, 0.48, 0.73, 0.09, 0.00, 0.07, 0.00, 0.00, 0.00, 0.00, 0.00, 0.00, 1.00, 0.00, 0.00, 0.00, 0.00, 1.00, 0.00, 1.00, 0.00, 0.00, 0.00, 0.00, 0.00
284,  0,  9.443,  0.93,  1,  11.0,  5.8,  349.4,  0.254,  -0.024,  0.051, 0.02, 0.00, 0.00, 0.00, 0.00, 0.01, 0.00, 0.07, 0.50, 0.00, 0.20, 0.39, 0.60, 0.01, 0.00, 0.16, 0.00, 0.00, 0.00, 0.00, 0.00, 0.00, 1.00, 0.00, 0.00, 0.00, 0.00, 1.00, 0.00, 1.00, 0.00, 0.00, 0.00, 0.00, 0.00
285,  0,  9.476,  0.93,  1,  10.5,  6.0,  349.0,  0.253,  -0.015,  0.049, 0.02, 0.00, 0.00, 0.00, 0.00, 0.00, 0.00, 0.08, 0.51, 0.00, 0.26, 0.32, 0.52, 0.00, 0.00, 0.15, 0.00, 0.00, 0.00, 0.00, 0.00, 0.00, 1.00, 0.00, 0.00, 0.00, 0.00, 1.00, 0.00, 1.00, 0.00, 0.00, 0.00, 0.00, 0.00
286,  0,  9.510,  0.93,  1,  10.6,  6.1,  349.4,  0.251,  -0.018,  0.046, 0.00, 0.00, 0.00, 0.00, 0.00, 0.03, 0.00, 0.08, 0.51, 0.00, 0.32, 0.18, 0.31, 0.00, 0.00, 0.21, 0.00, 0.00, 0.00, 0.00, 0.00, 0.00, 1.00, 0.00, 0.00, 0.00, 0.00, 1.00, 0.00, 1.00, 0.00, 0.00, 0.00, 0.00, 0.00
287,  0,  9.543,  0.93,  1,  11.0,  6.1,  349.2,  0.245,  -0.025,  0.044, 0.00, 0.00, 0.00, 0.00, 0.00, 0.04, 0.00, 0.02, 0.53, 0.00, 0.35, 0.21, 0.24, 0.03, 0.00, 0.12, 0.00, 0.00, 0.00, 0.00, 0.00, 0.00, 1.00, 0.00, 0.00, 0.00, 0.00, 1.00, 0.00, 1.00, 0.00, 0.00, 0.00, 0.00, 0.00
288,  0,  9.576,  0.98,  1,  11.4,  5.8,  349.8,  0.239,  -0.033,  0.043, 0.00, 0.00, 0.00, 0.00, 0.00, 0.04, 0.00, 0.00, 0.60, 0.00, 0.47, 0.20, 0.21, 0.03, 0.00, 0.09, 0.00, 0.00, 0.00, 0.00, 0.00, 0.00, 1.00, 0.00, 0.00, 0.00, 0.00, 1.00, 0.00, 1.00, 0.00, 0.00, 0.00, 0.00, 0.00
289,  0,  9.610,  0.98,  1,  11.5,  5.9,  350.2,  0.240,  -0.031,  0.043, 0.00, 0.00, 0.00, 0.00, 0.00, 0.01, 0.00, 0.00, 0.65, 0.00, 0.50, 0.21, 0.24, 0.07, 0.00, 0.00, 0.00, 0.00, 0.00, 0.00, 0.00, 0.00, 1.00, 0.00, 0.00, 0.00, 0.00, 0.00, 0.00, 0.00, 0.00, 0.00, 0.00, 0.00, 0.00
290,  0,  9.643,  0.98,  1,  11.4,  6.1,  349.5,  0.243,  -0.030,  0.044, 0.00, 0.00, 0.00, 0.00, 0.00, 0.00, 0.00, 0.00, 0.66, 0.00, 0.34, 0.20, 0.29, 0.04, 0.00, 0.08, 0.00, 0.00, 0.00, 0.00, 0.00, 0.00, 1.00, 0.00, 0.00, 0.00, 0.00, 0.00, 0.00, 0.00, 0.00, 0.00, 0.00, 0.00, 0.00
291,  0,  9.676,  0.98,  1,  11.2,  6.5,  347.1,  0.244,  -0.029,  0.042, 0.00, 0.00, 0.00, 0.00, 0.01, 0.03, 0.00, 0.03, 0.67, 0.00, 0.17, 0.15, 0.17, 0.04, 0.00, 0.19, 0.00, 0.00, 0.00, 0.00, 0.00, 0.00, 1.00, 0.00, 0.00, 0.00, 0.00, 0.00, 0.00, 0.00, 0.00, 0.00, 0.00, 0.00, 0.00
292,  0,  9.710,  0.93,  1,  11.1,  7.2,  345.9,  0.261,  -0.030,  0.041, 0.00, 0.00, 0.00, 0.00, 0.02, 0.03, 0.00, 0.08, 0.71, 0.00, 0.02, 0.11, 0.07, 0.00, 0.00, 0.21, 0.00, 0.00, 0.00, 0.00, 0.00, 0.00, 1.00, 0.00, 0.00, 0.00, 0.00, 0.00, 0.00, 0.00, 0.00, 0.00, 0.00, 0.00, 0.00
293,  0,  9.743,  0.93,  1,  11.2,  7.5,  347.3,  0.272,  -0.034,  0.038, 0.00, 0.00, 0.00, 0.00, 0.04, 0.03, 0.00, 0.14, 0.75, 0.00, 0.02, 0.10, 0.07, 0.00, 0.08, 0.16, 0.00, 0.00, 0.00, 0.00, 0.00, 0.00, 1.00, 0.00, 0.00, 0.00, 0.00, 0.00, 0.00, 0.00, 0.00, 0.00, 0.00, 0.00, 0.00
294,  0,  9.776,  0.93,  1,  11.3,  7.5,  346.8,  0.275,  -0.037,  0.036, 0.00, 0.00, 0.00, 0.00, 0.05, 0.00, 0.00, 0.22, 0.74, 0.00, 0.00, 0.20, 0.14, 0.00, 0.17, 0.14, 0.00, 0.00, 0.00, 0.00, 0.00, 0.00, 1.00, 0.00, 0.00, 0.00, 0.00, 0.00, 0.00, 0.00, 0.00, 0.00, 0.00, 0.00, 0.00
295,  0,  9.810,  0.98,  1,  11.3,  7.2,  345.6,  0.272,  -0.038,  0.034, 0.00, 0.00, 0.00, 0.00, 0.08, 0.00, 0.00, 0.27, 0.74, 0.00, 0.02, 0.29, 0.17, 0.00, 0.23, 0.20, 0.00, 0.00, 0.00, 0.00, 0.00, 0.00, 1.00, 0.00, 0.00, 1.00, 0.00, 0.00, 0.00, 0.00, 0.00, 0.00, 0.00, 0.00, 0.00
296,  0,  9.843,  0.93,  1,  11.4,  6.8,  347.0,  0.266,  -0.042,  0.033, 0.00, 0.00, 0.00, 0.00, 0.06, 0.00, 0.00, 0.21, 0.75, 0.00, 0.02, 0.34, 0.18, 0.00, 0.19, 0.27, 0.00, 0.00, 0.00, 0.00, 0.00, 0.00, 1.00, 0.00, 0.00, 1.00, 0.00, 0.00, 0.00, 0.00, 0.00, 0.00, 0.00, 0.00, 0.00
297,  0,  9.877,  0.93,  1,  11.1,  6.5,  347.2,  0.254,  -0.037,  0.033, 0.00, 0.00, 0.00, 0.00, 0.04, 0.00, 0.00, 0.11, 0.80, 0.00, 0.02, 0.30, 0.14, 0.00, 0.11, 0.24, 0.00, 0.00, 0.00, 0.00, 0.00, 0.00, 1.00, 0.00, 0.00, 1.00, 0.00, 0.00, 0.00, 0.00, 0.00, 0.00, 0.00, 0.00, 0.00
298,  0,  9.910,  0.98,  1,  11.1,  6.4,  347.5,  0.254,  -0.037,  0.031, 0.00, 0.00, 0.00, 0.00, 0.00, 0.00, 0.00, 0.02, 0.82, 0.00, 0.00, 0.28, 0.15, 0.00, 0.06, 0.19, 0.00, 0.00, 0.00, 0.00, 0.00, 0.00, 1.00, 0.00, 0.00, 1.00, 0.00, 0.00, 0.00, 0.00, 0.00, 0.00, 0.00, 0.00, 0.00
299,  0,  9.943,  0.93,  1,  11.1,  6.5,  348.5,  0.256,  -0.037,  0.031, 0.00, 0.00, 0.00, 0.00, 0.00, 0.01, 0.00, 0.01, 0.81, 0.00, 0.03, 0.24, 0.16, 0.00, 0.02, 0.08, 0.00, 0.00, 0.00, 0.00, 0.00, 0.00, 1.00, 0.00, 0.00, 1.00, 0.00, 0.00, 0.00, 0.00, 0.00, 0.00, 0.00, 0.00, 0.00
300,  0,  9.977,  0.93,  1,  11.1,  6.6,  348.7,  0.259,  -0.037,  0.030, 0.00, 0.00, 0.00, 0.00, 0.00, 0.01, 0.00, 0.00, 0.79, 0.00, 0.03, 0.23, 0.17, 0.05, 0.04, 0.03, 0.00, 0.00, 0.00, 0.00, 0.00, 0.00, 1.00, 0.00, 0.00, 1.00, 0.00, 0.00, 0.00, 0.00, 0.00, 0.00, 0.00, 0.00, 0.00
301,  0,  10.010,  0.93,  1,  11.1,  6.8,  349.1,  0.262,  -0.037,  0.030, 0.00, 0.00, 0.00, 0.01, 0.01, 0.01, 0.00, 0.00, 0.77, 0.00, 0.03, 0.19, 0.19, 0.10, 0.06, 0.00, 0.00, 0.00, 0.00, 0.00, 0.00, 0.00, 1.00, 0.00, 0.00, 1.00, 0.00, 0.00, 0.00, 0.00, 0.00, 0.00, 0.00, 0.00, 0.00
302,  0,  10.043,  0.93,  1,  11.1,  6.7,  349.4,  0.261,  -0.035,  0.030, 0.00, 0.00, 0.00, 0.01, 0.02, 0.00, 0.00, 0.02, 0.78, 0.00, 0.00, 0.22, 0.19, 0.19, 0.08, 0.00, 0.00, 0.00, 0.00, 0.00, 0.00, 0.00, 1.00, 0.00, 0.00, 1.00, 0.00, 0.00, 0.00, 0.00, 0.00, 0.00, 0.00, 0.00, 0.00
303,  0,  10.077,  0.93,  1,  11.2,  6.8,  349.5,  0.263,  -0.035,  0.030, 0.00, 0.00, 0.00, 0.01, 0.03, 0.00, 0.00, 0.01, 0.78, 0.00, 0.01, 0.19, 0.23, 0.18, 0.13, 0.00, 0.00, 0.00, 0.00, 0.00, 0.00, 0.00, 1.00, 0.00, 0.00, 1.00, 0.00, 0.00, 0.00, 0.00, 0.00, 0.00, 0.00, 0.00, 0.00
304,  0,  10.110,  0.93,  1,  11.1,  7.0,  349.1,  0.264,  -0.032,  0.031, 0.00, 0.00, 0.00, 0.00, 0.03, 0.00, 0.00, 0.05, 0.82, 0.00, 0.06, 0.18, 0.24, 0.13, 0.21, 0.06, 0.00, 0.00, 0.00, 0.00, 0.00, 0.00, 1.00, 0.00, 0.00, 1.00, 0.00, 0.00, 0.00, 0.00, 0.00, 0.00, 0.00, 0.00, 0.00
305,  0,  10.143,  0.93,  1,  11.0,  7.2,  348.5,  0.276,  -0.029,  0.031, 0.00, 0.00, 0.00, 0.00, 0.05, 0.00, 0.00, 0.12, 0.83, 0.00, 0.06, 0.17, 0.23, 0.03, 0.26, 0.14, 0.00, 0.00, 0.00, 0.00, 0.00, 0.00, 1.00, 0.00, 0.00, 1.00, 0.00, 0.00, 0.00, 0.00, 0.00, 0.00, 0.00, 0.00, 0.00
306,  0,  10.177,  0.93,  1,  10.8,  7.1,  348.5,  0.276,  -0.025,  0.032, 0.00, 0.00, 0.00, 0.00, 0.05, 0.00, 0.00, 0.23, 0.86, 0.00, 0.05, 0.20, 0.14, 0.00, 0.26, 0.19, 0.00, 0.00, 0.00, 0.00, 0.00, 0.00, 1.00, 0.00, 0.00, 1.00, 0.00, 0.00, 0.00, 0.00, 0.00, 0.00, 0.00, 0.00, 0.00
307,  0,  10.210,  0.93,  1,  10.6,  6.9,  348.1,  0.272,  -0.020,  0.032, 0.00, 0.00, 0.00, 0.00, 0.04, 0.00, 0.00, 0.25, 0.90, 0.00, 0.01, 0.18, 0.15, 0.01, 0.30, 0.13, 0.00, 0.00, 0.00, 0.00, 0.00, 0.00, 1.00, 0.00, 0.00, 1.00, 0.00, 0.00, 0.00, 0.00, 0.00, 0.00, 0.00, 0.00, 0.00
308,  0,  10.244,  0.93,  1,  10.1,  6.8,  348.2,  0.269,  -0.015,  0.034, 0.00, 0.00, 0.00, 0.00, 0.04, 0.00, 0.00, 0.18, 0.94, 0.00, 0.00, 0.20, 0.12, 0.15, 0.23, 0.05, 0.00, 0.00, 0.00, 0.00, 0.00, 0.00, 1.00, 0.00, 0.00, 1.00, 0.00, 0.00, 0.00, 0.00, 0.00, 0.00, 0.00, 0.00, 0.00
309,  0,  10.277,  0.93,  1,  9.2,  6.3,  350.7,  0.251,  -0.007,  0.032, 0.00, 0.00, 0.00, 0.00, 0.03, 0.00, 0.00, 0.07, 0.96, 0.00, 0.00, 0.33, 0.17, 0.30, 0.16, 0.00, 0.00, 0.00, 0.00, 0.00, 0.00, 0.00, 1.00, 0.00, 0.00, 1.00, 0.00, 0.00, 0.00, 0.00, 0.00, 0.00, 0.00, 0.00, 0.00
310,  0,  10.310,  0.93,  1,  7.8,  6.1,  353.2,  0.248,  0.013,  0.030, 0.00, 0.00, 0.00, 0.00, 0.03, 0.03, 0.00, 0.07, 0.95, 0.00, 0.00, 0.50, 0.13, 0.42, 0.07, 0.00, 0.02, 0.00, 0.00, 0.00, 0.00, 0.00, 1.00, 0.00, 0.00, 1.00, 0.00, 0.00, 0.00, 0.00, 0.00, 0.00, 0.00, 0.00, 0.00
311,  0,  10.344,  0.93,  1,  6.1,  6.0,  352.5,  0.255,  0.033,  0.024, 0.00, 0.00, 0.00, 0.00, 0.00, 0.30, 0.00, 0.16, 0.99, 0.00, 0.00, 0.53, 0.09, 0.36, 0.26, 0.00, 0.02, 0.00, 0.00, 0.00, 0.00, 0.00, 1.00, 0.00, 0.00, 1.00, 0.00, 0.00, 0.00, 0.00, 0.00, 0.00, 0.00, 0.00, 0.00
312,  0,  10.377,  0.93,  1,  5.2,  5.8,  349.5,  0.262,  0.039,  0.017, 0.00, 0.00, 0.00, 0.00, 0.02, 0.55, 0.00, 0.32, 1.02, 0.00, 0.00, 0.36, 0.04, 0.24, 0.52, 0.00, 0.02, 0.00, 0.00, 0.00, 0.00, 0.00, 1.00, 0.00, 0.00, 1.00, 0.00, 0.00, 0.00, 0.00, 0.00, 0.00, 0.00, 0.00, 0.00
313,  0,  10.410,  0.93,  1,  4.5,  5.6,  348.5,  0.265,  0.042,  0.010, 0.01, 0.00, 0.00, 0.00, 0.05, 0.59, 0.00, 0.41, 1.02, 0.00, 0.00, 0.20, 0.00, 0.17, 0.76, 0.00, 0.00, 0.00, 0.00, 0.00, 0.00, 0.00, 1.00, 0.00, 0.00, 1.00, 0.00, 0.00, 0.00, 0.00, 0.00, 0.00, 0.00, 0.00, 0.00
314,  0,  10.444,  0.98,  1,  4.4,  5.4,  348.0,  0.265,  0.039,  0.004, 0.05, 0.00, 0.00, 0.00, 0.08, 0.62, 0.00, 0.43, 0.98, 0.00, 0.00, 0.20, 0.00, 0.09, 0.80, 0.00, 0.00, 0.00, 0.00, 0.00, 0.00, 0.00, 1.00, 0.00, 1.00, 1.00, 0.00, 0.00, 0.00, 0.00, 0.00, 0.00, 0.00, 0.00, 0.00
315,  0,  10.477,  0.93,  1,  3.9,  5.1,  349.2,  0.253,  0.046,  -0.002, 0.17, 0.00, 0.00, 0.00, 0.06, 0.51, 0.00, 0.33, 0.94, 0.00, 0.00, 0.37, 0.00, 0.08, 0.80, 0.00, 0.02, 0.00, 0.00, 0.00, 0.00, 0.00, 1.00, 0.00, 1.00, 1.00, 0.00, 0.00, 0.00, 0.00, 0.00, 0.00, 0.00, 0.00, 0.00
316,  0,  10.511,  0.93,  1,  3.7,  4.7,  350.8,  0.243,  0.047,  -0.006, 0.25, 0.00, 0.00, 0.00, 0.12, 0.81, 0.01, 0.31, 0.95, 0.00, 0.00, 0.55, 0.00, 0.02, 0.73, 0.00, 0.24, 0.00, 0.00, 0.00, 0.00, 0.00, 1.00, 0.00, 1.00, 1.00, 0.00, 0.00, 0.00, 0.00, 0.00, 0.00, 0.00, 0.00, 0.00
317,  0,  10.544,  0.98,  1,  3.3,  4.7,  354.2,  0.250,  0.050,  -0.014, 0.40, 0.00, 0.00, 0.00, 0.25, 1.03, 0.09, 0.29, 0.94, 0.00, 0.00, 0.64, 0.00, 0.01, 0.69, 0.00, 0.81, 0.00, 0.00, 0.00, 0.00, 0.00, 1.00, 0.00, 1.00, 1.00, 0.00, 0.00, 0.00, 0.00, 0.00, 0.00, 0.00, 0.00, 0.00
318,  0,  10.577,  0.98,  1,  2.9,  4.7,  352.9,  0.245,  0.050,  -0.018, 0.45, 0.00, 0.00, 0.00, 0.39, 1.41, 0.17, 0.29, 0.94, 0.00, 0.00, 0.64, 0.04, 0.00, 0.58, 0.00, 1.25, 0.00, 0.00, 0.00, 0.00, 0.00, 1.00, 0.00, 0.00, 1.00, 0.00, 0.00, 0.00, 0.00, 0.00, 0.00, 0.00, 0.00, 0.00
319,  0,  10.611,  0.98,  1,  2.5,  4.5,  352.5,  0.250,  0.058,  -0.019, 0.55, 0.00, 0.00, 0.00, 0.36, 1.48, 0.16, 0.20, 0.92, 0.00, 0.00, 0.56, 0.13, 0.00, 0.36, 0.00, 1.12, 0.00, 0.00, 0.00, 0.00, 0.00, 1.00, 0.00, 0.00, 1.00, 0.00, 0.00, 0.00, 0.00, 0.00, 0.00, 0.00, 0.00, 0.00
320,  0,  10.644,  0.98,  1,  2.4,  4.5,  353.9,  0.254,  0.062,  -0.019, 0.61, 0.00, 0.00, 0.00, 0.22, 1.35, 0.08, 0.09, 0.91, 0.00, 0.00, 0.47, 0.25, 0.00, 0.16, 0.00, 0.63, 0.00, 0.00, 0.00, 0.00, 0.00, 1.00, 0.00, 0.00, 1.00, 0.00, 0.00, 0.00, 1.00, 0.00, 0.00, 0.00, 0.00, 0.00
321,  0,  10.677,  0.98,  1,  2.4,  4.5,  352.9,  0.252,  0.066,  -0.017, 0.69, 0.00, 0.00, 0.00, 0.08, 1.18, 0.00, 0.03, 0.85, 0.00, 0.00, 0.46, 0.32, 0.00, 0.01, 0.00, 0.16, 0.00, 0.00, 0.00, 0.00, 0.00, 1.00, 0.00, 0.00, 1.00, 0.00, 0.00, 0.00, 1.00, 0.00, 0.00, 0.00, 0.00, 0.00
322,  0,  10.711,  0.93,  1,  2.5,  4.3,  352.3,  0.246,  0.065,  -0.017, 0.78, 0.00, 0.00, 0.00, 0.01, 1.00, 0.00, 0.00, 0.76, 0.00, 0.00, 0.58, 0.37, 0.00, 0.00, 0.00, 0.08, 0.00, 0.00, 0.00, 0.00, 0.00, 1.00, 0.00, 0.00, 0.00, 0.00, 0.00, 0.00, 1.00, 0.00, 0.00, 0.00, 0.00, 0.00
323,  0,  10.744,  0.98,  1,  2.8,  4.0,  351.7,  0.243,  0.064,  -0.020, 0.80, 0.00, 0.00, 0.00, 0.00, 0.74, 0.00, 0.00, 0.67, 0.00, 0.00, 0.74, 0.37, 0.00, 0.00, 0.00, 0.00, 0.00, 0.00, 0.00, 0.00, 0.00, 1.00, 0.00, 0.00, 0.00, 0.00, 0.00, 0.00, 1.00, 0.00, 0.00, 0.00, 0.00, 0.00
324,  0,  10.777,  0.98,  1,  2.8,  3.7,  350.8,  0.240,  0.065,  -0.023, 0.83, 0.00, 0.00, 0.00, 0.00, 0.52, 0.00, 0.00, 0.64, 0.00, 0.00, 0.83, 0.39, 0.00, 0.00, 0.00, 0.00, 0.00, 0.00, 0.00, 0.00, 0.00, 1.00, 0.00, 0.00, 0.00, 0.00, 0.00, 1.00, 1.00, 0.00, 0.00, 0.00, 0.00, 0.00
325,  0,  10.811,  0.98,  1,  2.7,  3.5,  350.9,  0.239,  0.068,  -0.026, 0.81, 0.00, 0.00, 0.00, 0.00, 0.48, 0.00, 0.00, 0.59, 0.00, 0.00, 0.90, 0.38, 0.00, 0.00, 0.00, 0.00, 0.00, 0.00, 0.00, 0.00, 0.00, 1.00, 0.00, 0.00, 0.00, 0.00, 0.00, 1.00, 1.00, 0.00, 0.00, 0.00, 0.00, 0.00
326,  0,  10.844,  0.98,  1,  2.5,  3.4,  350.6,  0.239,  0.072,  -0.028, 0.82, 0.00, 0.00, 0.00, 0.00, 0.64, 0.00, 0.00, 0.56, 0.00, 0.00, 0.92, 0.36, 0.00, 0.00, 0.00, 0.00, 0.00, 0.00, 0.00, 0.00, 0.00, 1.00, 0.00, 0.00, 0.00, 0.00, 1.00, 1.00, 0.00, 0.00, 0.00, 0.00, 0.00, 0.00
327,  0,  10.878,  0.98,  1,  1.8,  3.4,  350.6,  0.240,  0.080,  -0.031, 0.92, 0.00, 0.00, 0.01, 0.00, 0.73, 0.00, 0.00, 0.54, 0.00, 0.00, 0.93, 0.44, 0.00, 0.00, 0.00, 0.00, 1.00, 0.00, 0.00, 0.00, 0.00, 1.00, 0.00, 0.00, 0.00, 0.00, 1.00, 1.00, 0.00, 0.00, 0.00, 0.00, 0.00, 0.00
328,  0,  10.911,  0.98,  1,  0.7,  3.6,  349.9,  0.236,  0.093,  -0.035, 1.13, 0.00, 0.00, 0.08, 0.00, 0.75, 0.00, 0.11, 0.51, 0.00, 0.11, 0.90, 0.50, 0.00, 0.00, 0.00, 0.00, 1.00, 0.00, 0.00, 0.00, 0.00, 1.00, 0.00, 0.00, 0.00, 0.00, 1.00, 1.00, 0.00, 0.00, 0.00, 0.00, 0.00, 0.00
329,  0,  10.944,  0.98,  1,  -1.0,  4.0,  348.1,  0.242,  0.108,  -0.039, 1.43, 0.08, 0.00, 0.21, 0.00, 0.54, 0.00, 0.30, 0.41, 0.00, 0.24, 0.97, 0.48, 0.00, 0.19, 0.00, 0.00, 1.00, 0.00, 0.00, 0.00, 0.00, 1.00, 0.00, 0.00, 0.00, 0.00, 1.00, 1.00, 0.00, 0.00, 0.00, 0.00, 0.00, 0.00
330,  0,  10.978,  0.98,  1,  -3.7,  4.8,  345.2,  0.258,  0.129,  -0.057, 1.51, 0.12, 0.00, 0.52, 0.00, 0.53, 0.00, 0.66, 0.22, 0.00, 0.47, 1.13, 0.27, 0.00, 0.61, 0.18, 0.00, 1.00, 0.00, 0.00, 0.00, 0.00, 1.00, 0.00, 0.00, 0.00, 0.00, 1.00, 1.00, 0.00, 0.00, 1.00, 0.00, 0.00, 0.00
331,  0,  11.011,  0.98,  1,  -8.9,  5.5,  340.8,  0.254,  0.178,  -0.066, 1.47, 0.25, 0.00, 0.61, 0.00, 0.56, 0.00, 1.06, 0.14, 0.00, 0.68, 1.41, 0.08, 0.00, 1.17, 0.39, 0.00, 1.00, 0.00, 0.00, 0.00, 0.00, 1.00, 0.00, 0.00, 0.00, 0.00, 1.00, 1.00, 0.00, 0.00, 1.00, 1.00, 0.00, 0.00
332,  0,  11.044,  0.98,  1,  -14.9,  5.5,  337.3,  0.230,  0.218,  -0.068, 1.37, 0.31, 0.00, 0.73, 0.00, 0.67, 0.00, 1.40, 0.15, 0.00, 0.94, 1.57, 0.00, 0.00, 1.57, 0.68, 0.00, 1.00, 1.00, 0.00, 0.00, 0.00, 1.00, 0.00, 0.00, 0.00, 0.00, 1.00, 1.00, 0.00, 0.00, 1.00, 1.00, 0.00, 0.00
333,  0,  11.078,  0.98,  1,  -19.2,  5.5,  337.1,  0.240,  0.254,  -0.082, 1.40, 0.35, 0.00, 0.64, 0.00, 0.53, 0.00, 1.60, 0.23, 0.05, 1.04, 1.61, 0.00, 0.00, 1.76, 0.79, 0.00, 1.00, 1.00, 0.00, 0.00, 0.00, 1.00, 0.00, 0.00, 0.00, 0.00, 1.00, 1.00, 0.00, 0.00, 1.00, 1.00, 0.00, 0.00
334,  0,  11.111,  0.98,  1,  -20.7,  5.4,  336.9,  0.241,  0.256,  -0.091, 1.40, 0.42, 0.00, 0.65, 0.00, 0.27, 0.00, 1.60, 0.25, 0.09, 1.15, 1.59, 0.00, 0.00, 1.82, 0.81, 0.00, 1.00, 1.00, 0.00, 0.00, 0.00, 1.00, 0.00, 0.00, 0.00, 0.00, 1.00, 1.00, 0.00, 0.00, 1.00, 1.00, 0.00, 0.00
335,  0,  11.144,  0.98,  1,  -20.7,  5.2,  340.6,  0.248,  0.258,  -0.098, 1.38, 0.69, 0.00, 0.60, 0.00, 0.18, 0.00, 1.50, 0.30, 0.09, 1.15, 1.61, 0.00, 0.00, 1.78, 0.77, 0.00, 1.00, 1.00, 0.00, 0.00, 0.00, 1.00, 0.00, 0.00, 0.00, 0.00, 1.00, 1.00, 0.00, 0.00, 1.00, 1.00, 0.00, 0.00
336,  0,  11.178,  0.98,  1,  -19.5,  5.3,  341.6,  0.249,  0.243,  -0.096, 1.34, 0.85, 0.00, 0.66, 0.00, 0.10, 0.00, 1.28, 0.31, 0.04, 1.15, 1.66, 0.00, 0.00, 1.68, 0.56, 0.00, 1.00, 1.00, 0.00, 0.00, 0.00, 1.00, 0.00, 0.00, 0.00, 0.00, 1.00, 1.00, 0.00, 0.00, 1.00, 1.00, 0.00, 0.00
337,  0,  11.211,  0.98,  1,  -18.4,  5.3,  343.2,  0.240,  0.227,  -0.091, 1.36, 0.79, 0.00, 0.75, 0.00, 0.16, 0.00, 1.08, 0.34, 0.00, 1.11, 1.65, 0.00, 0.03, 1.56, 0.38, 0.00, 1.00, 1.00, 0.00, 0.00, 0.00, 1.00, 0.00, 0.00, 0.00, 0.00, 1.00, 1.00, 0.00, 0.00, 1.00, 0.00, 0.00, 0.00
338,  0,  11.245,  0.98,  1,  -18.0,  5.4,  343.7,  0.238,  0.221,  -0.084, 1.37, 0.56, 0.00, 0.86, 0.00, 0.07, 0.00, 0.96, 0.35, 0.00, 1.07, 1.59, 0.00, 0.08, 1.45, 0.18, 0.00, 1.00, 1.00, 0.00, 0.00, 0.00, 1.00, 0.00, 0.00, 0.00, 0.00, 1.00, 1.00, 0.00, 0.00, 1.00, 0.00, 0.00, 0.00
339,  0,  11.278,  0.98,  1,  -17.9,  5.5,  344.2,  0.237,  0.215,  -0.080, 1.40, 0.53, 0.00, 0.86, 0.01, 0.18, 0.00, 0.89, 0.40, 0.00, 1.07, 1.52, 0.00, 0.19, 1.30, 0.16, 0.00, 1.00, 1.00, 0.00, 0.00, 0.00, 1.00, 0.00, 0.00, 0.00, 0.00, 1.00, 1.00, 0.00, 0.00, 1.00, 0.00, 0.00, 0.00
340,  0,  11.311,  0.98,  1,  -17.9,  5.4,  345.3,  0.229,  0.212,  -0.077, 1.40, 0.62, 0.00, 0.87, 0.01, 0.18, 0.00, 0.81, 0.48, 0.00, 1.13, 1.51, 0.00, 0.30, 1.03, 0.16, 0.00, 1.00, 1.00, 0.00, 0.00, 0.00, 1.00, 0.00, 0.00, 0.00, 0.00, 1.00, 1.00, 0.00, 0.00, 1.00, 0.00, 0.00, 0.00
341,  0,  11.345,  0.98,  1,  -17.9,  5.3,  346.3,  0.223,  0.215,  -0.072, 1.47, 0.66, 0.00, 0.87, 0.01, 0.18, 0.00, 0.66, 0.46, 0.00, 1.25, 1.54, 0.00, 0.40, 0.77, 0.16, 0.00, 1.00, 1.00, 0.00, 0.00, 0.00, 1.00, 0.00, 0.00, 0.00, 0.00, 1.00, 1.00, 0.00, 0.00, 0.00, 0.00, 0.00, 0.00
342,  0,  11.378,  0.98,  1,  -17.8,  5.2,  345.6,  0.214,  0.207,  -0.065, 1.52, 0.61, 0.00, 1.05, 0.00, 0.07, 0.00, 0.59, 0.38, 0.00, 1.32, 1.61, 0.00, 0.52, 0.58, 0.22, 0.00, 1.00, 1.00, 0.00, 0.00, 0.00, 1.00, 0.00, 0.00, 0.00, 0.00, 1.00, 1.00, 0.00, 0.00, 0.00, 0.00, 0.00, 0.00
343,  0,  11.411,  0.98,  1,  -17.6,  5.2,  345.7,  0.210,  0.201,  -0.059, 1.62, 0.64, 0.00, 1.18, 0.00, 0.00, 0.00, 0.46, 0.31, 0.00, 1.25, 1.68, 0.00, 0.61, 0.44, 0.29, 0.00, 1.00, 1.00, 0.00, 0.00, 0.00, 1.00, 0.00, 0.00, 0.00, 0.00, 1.00, 1.00, 0.00, 0.00, 0.00, 0.00, 0.00, 0.00
344,  0,  11.445,  0.98,  1,  -17.6,  5.4,  346.2,  0.204,  0.196,  -0.055, 1.55, 0.62, 0.00, 1.12, 0.00, 0.00, 0.00, 0.42, 0.32, 0.00, 1.17, 1.62, 0.00, 0.79, 0.26, 0.30, 0.00, 1.00, 1.00, 0.00, 0.00, 0.00, 1.00, 0.00, 0.00, 0.00, 0.00, 1.00, 1.00, 0.00, 0.00, 0.00, 0.00, 0.00, 0.00
345,  0,  11.478,  0.98,  1,  -17.5,  5.6,  346.2,  0.198,  0.188,  -0.050, 1.46, 0.62, 0.00, 0.95, 0.00, 0.00, 0.00, 0.28, 0.34, 0.00, 1.16, 1.64, 0.00, 0.93, 0.10, 0.28, 0.00, 1.00, 1.00, 0.00, 0.00, 0.00, 1.00, 0.00, 0.00, 0.00, 0.00, 1.00, 1.00, 0.00, 0.00, 0.00, 0.00, 0.00, 0.00
346,  0,  11.512,  0.98,  1,  -17.6,  5.9,  346.5,  0.197,  0.190,  -0.048, 1.36, 0.48, 0.00, 0.86, 0.00, 0.00, 0.00, 0.21, 0.35, 0.00, 1.11, 1.65, 0.00, 1.08, 0.00, 0.18, 0.00, 1.00, 1.00, 0.00, 0.00, 0.00, 1.00, 0.00, 0.00, 0.00, 0.00, 1.00, 1.00, 0.00, 0.00, 0.00, 0.00, 0.00, 0.00
347,  0,  11.545,  0.98,  1,  -17.5,  6.0,  347.8,  0.197,  0.187,  -0.045, 1.24, 0.35, 0.00, 0.90, 0.00, 0.00, 0.00, 0.17, 0.34, 0.00, 1.03, 1.83, 0.00, 1.22, 0.00, 0.12, 0.00, 1.00, 1.00, 0.00, 0.00, 0.00, 1.00, 0.00, 0.00, 0.00, 0.00, 1.00, 1.00, 0.00, 0.00, 0.00, 0.00, 0.00, 0.00
348,  0,  11.578,  0.98,  1,  -17.0,  6.0,  348.4,  0.196,  0.185,  -0.039, 1.17, 0.26, 0.00, 0.90, 0.00, 0.00, 0.00, 0.21, 0.35, 0.00, 0.97, 1.92, 0.00, 1.38, 0.00, 0.03, 0.00, 1.00, 0.00, 0.00, 0.00, 0.00, 1.00, 0.00, 0.00, 0.00, 0.00, 1.00, 1.00, 0.00, 0.00, 0.00, 0.00, 0.00, 0.00
349,  0,  11.612,  0.98,  1,  -16.7,  5.7,  349.7,  0.192,  0.184,  -0.029, 1.07, 0.29, 0.00, 0.84, 0.00, 0.00, 0.00, 0.22, 0.38, 0.00, 0.86, 2.01, 0.00, 1.64, 0.00, 0.00, 0.00, 0.00, 0.00, 0.00, 0.00, 0.00, 1.00, 0.00, 0.00, 0.00, 0.00, 1.00, 1.00, 0.00, 0.00, 0.00, 0.00, 0.00, 0.00
350,  0,  11.645,  0.98,  1,  -15.9,  5.3,  351.3,  0.188,  0.178,  -0.021, 1.05, 0.33, 0.00, 0.75, 0.00, 0.00, 0.00, 0.16, 0.40, 0.00, 0.75, 2.05, 0.00, 1.88, 0.00, 0.00, 0.00, 0.00, 0.00, 0.00, 0.00, 0.00, 1.00, 0.00, 0.00, 0.00, 0.00, 0.00, 1.00, 0.00, 0.00, 0.00, 0.00, 0.00, 0.00
351,  0,  11.678,  0.98,  1,  -15.2,  5.0,  351.8,  0.187,  0.171,  -0.013, 0.99, 0.40, 0.00, 0.74, 0.00, 0.00, 0.00, 0.08, 0.41, 0.00, 0.61, 2.09, 0.00, 2.07, 0.00, 0.00, 0.00, 0.00, 0.00, 0.00, 0.00, 0.00, 1.00, 0.00, 0.00, 0.00, 0.00, 0.00, 1.00, 0.00, 0.00, 0.00, 0.00, 0.00, 0.00
352,  0,  11.712,  0.98,  1,  -14.2,  4.9,  351.8,  0.187,  0.166,  -0.009, 0.89, 0.43, 0.00, 0.75, 0.00, 0.00, 0.00, 0.06, 0.43, 0.00, 0.58, 2.05, 0.00, 2.02, 0.00, 0.12, 0.00, 0.00, 1.00, 0.00, 0.00, 0.00, 1.00, 0.00, 0.00, 0.00, 0.00, 0.00, 1.00, 0.00, 0.00, 0.00, 0.00, 0.00, 0.00
353,  0,  11.745,  0.98,  1,  -13.1,  5.5,  349.8,  0.188,  0.157,  -0.007, 0.94, 0.67, 0.00, 0.90, 0.00, 0.03, 0.00, 0.07, 0.42, 0.00, 0.59, 1.70, 0.00, 1.63, 0.00, 0.30, 0.00, 0.00, 1.00, 0.00, 0.00, 0.00, 1.00, 0.00, 0.00, 0.00, 0.00, 0.00, 1.00, 0.00, 0.00, 0.00, 0.00, 0.00, 0.00
354,  0,  11.778,  0.98,  1,  -11.3,  6.3,  347.3,  0.209,  0.145,  -0.013, 0.94, 0.73, 0.00, 0.91, 0.00, 0.15, 0.00, 0.06, 0.33, 0.00, 0.64, 1.43, 0.00, 1.25, 0.00, 0.42, 0.00, 1.00, 1.00, 0.00, 0.00, 0.00, 1.00, 0.00, 0.00, 0.00, 0.00, 0.00, 1.00, 0.00, 0.00, 0.00, 0.00, 0.00, 0.00
355,  0,  11.812,  0.98,  1,  -10.3,  6.8,  346.3,  0.218,  0.136,  -0.012, 1.05, 0.66, 0.00, 0.87, 0.00, 0.35, 0.00, 0.02, 0.18, 0.00, 0.67, 1.26, 0.00, 0.79, 0.00, 0.30, 0.00, 1.00, 1.00, 0.00, 0.00, 0.00, 1.00, 0.00, 0.00, 0.00, 0.00, 0.00, 1.00, 0.00, 0.00, 0.00, 0.00, 0.00, 0.00
356,  0,  11.845,  0.98,  1,  -8.7,  6.6,  345.2,  0.232,  0.140,  -0.032, 1.02, 0.52, 0.00, 0.91, 0.00, 0.33, 0.00, 0.00, 0.08, 0.00, 0.60, 1.34, 0.00, 0.57, 0.00, 0.11, 0.00, 1.00, 1.00, 0.00, 0.00, 0.00, 1.00, 0.00, 0.00, 0.00, 0.00, 0.00, 1.00, 0.00, 0.00, 0.00, 0.00, 0.00, 0.00
357,  0,  11.879,  0.98,  1,  -7.9,  6.9,  343.9,  0.244,  0.128,  -0.020, 1.17, 0.56, 0.00, 0.96, 0.00, 0.29, 0.00, 0.08, 0.14, 0.00, 0.52, 1.35, 0.00, 0.24, 0.00, 0.17, 0.00, 1.00, 1.00, 0.00, 0.00, 0.00, 1.00, 0.00, 0.00, 0.00, 0.00, 1.00, 1.00, 0.00, 0.00, 0.00, 0.00, 0.00, 0.00
358,  0,  11.912,  0.98,  1,  -6.6,  6.7,  343.5,  0.237,  0.135,  -0.032, 1.28, 0.64, 0.00, 0.98, 0.00, 0.09, 0.00, 0.26, 0.25, 0.00, 0.31, 1.21, 0.00, 0.11, 0.19, 0.37, 0.00, 1.00, 1.00, 0.00, 0.00, 0.00, 1.00, 0.00, 0.00, 0.00, 0.00, 1.00, 1.00, 0.00, 0.00, 0.00, 0.00, 0.00, 0.00
359,  0,  11.945,  0.98,  1,  -5.7,  7.1,  340.3,  0.261,  0.123,  -0.030, 1.49, 0.68, 0.00, 0.78, 0.00, 0.09, 0.00, 0.41, 0.30, 0.00, 0.20, 1.08, 0.00, 0.00, 0.28, 0.70, 0.00, 1.00, 1.00, 0.00, 0.00, 0.00, 1.00, 0.00, 0.00, 0.00, 0.00, 1.00, 1.00, 0.00, 0.00, 0.00, 0.00, 0.00, 0.00
360,  0,  11.979,  0.98,  1,  -5.0,  6.8,  342.3,  0.252,  0.124,  -0.028, 1.58, 0.69, 0.00, 0.69, 0.00, 0.04, 0.00, 0.40, 0.31, 0.00, 0.08, 0.88, 0.00, 0.00, 0.28, 0.67, 0.00, 1.00, 1.00, 0.00, 0.00, 0.00, 1.00, 0.00, 0.00, 0.00, 0.00, 1.00, 1.00, 0.00, 0.00, 0.00, 0.00, 0.00, 0.00
361,  0,  12.012,  0.98,  1,  -4.3,  6.3,  344.0,  0.237,  0.119,  -0.025, 1.61, 0.71, 0.00, 0.58, 0.00, 0.04, 0.00, 0.24, 0.30, 0.00, 0.11, 0.81, 0.00, 0.00, 0.13, 0.52, 0.00, 1.00, 1.00, 0.00, 0.00, 0.00, 1.00, 0.00, 0.00, 0.00, 0.00, 0.00, 1.00, 0.00, 0.00, 0.00, 0.00, 0.00, 0.00
362,  0,  12.045,  0.98,  1,  -4.2,  6.4,  344.5,  0.242,  0.120,  -0.022, 1.52, 0.48, 0.00, 0.64, 0.00, 0.04, 0.00, 0.10, 0.36, 0.00, 0.14, 0.81, 0.00, 0.00, 0.04, 0.19, 0.00, 1.00, 1.00, 0.00, 0.00, 0.00, 1.00, 0.00, 0.00, 0.00, 0.00, 0.00, 1.00, 0.00, 0.00, 0.00, 0.00, 0.00, 0.00
363,  0,  12.079,  0.98,  1,  -4.4,  6.4,  345.2,  0.241,  0.124,  -0.021, 1.45, 0.22, 0.00, 0.49, 0.00, 0.02, 0.00, 0.02, 0.40, 0.00, 0.17, 0.96, 0.03, 0.00, 0.04, 0.05, 0.00, 1.00, 1.00, 0.00, 0.00, 0.00, 1.00, 0.00, 0.00, 1.00, 0.00, 0.00, 1.00, 0.00, 0.00, 0.00, 0.00, 0.00, 0.00
364,  0,  12.112,  0.98,  1,  -4.6,  6.5,  346.1,  0.237,  0.126,  -0.018, 1.40, 0.06, 0.00, 0.56, 0.00, 0.02, 0.00, 0.00, 0.45, 0.00, 0.17, 1.01, 0.03, 0.00, 0.00, 0.00, 0.00, 1.00, 0.00, 0.00, 0.00, 0.00, 1.00, 0.00, 0.00, 1.00, 0.00, 0.00, 1.00, 0.00, 0.00, 0.00, 0.00, 0.00, 0.00
365,  0,  12.145,  0.98,  1,  -4.8,  6.6,  346.3,  0.236,  0.132,  -0.016, 1.39, 0.03, 0.00, 0.46, 0.00, 0.12, 0.00, 0.00, 0.45, 0.00, 0.09, 1.06, 0.03, 0.02, 0.00, 0.00, 0.00, 1.00, 0.00, 0.00, 0.00, 0.00, 1.00, 0.00, 0.00, 1.00, 0.00, 0.00, 1.00, 0.00, 0.00, 0.00, 0.00, 0.00, 0.00
366,  0,  12.179,  0.98,  1,  -4.7,  6.6,  346.5,  0.232,  0.131,  -0.014, 1.29, 0.02, 0.00, 0.50, 0.00, 0.11, 0.00, 0.00, 0.48, 0.00, 0.04, 0.95, 0.00, 0.02, 0.00, 0.00, 0.00, 1.00, 0.00, 0.00, 0.00, 0.00, 1.00, 0.00, 0.00, 1.00, 0.00, 0.00, 1.00, 0.00, 0.00, 0.00, 0.00, 0.00, 0.00
367,  0,  12.212,  0.98,  1,  -4.8,  6.9,  346.5,  0.235,  0.132,  -0.013, 1.24, 0.00, 0.00, 0.49, 0.00, 0.12, 0.00, 0.00, 0.53, 0.00, 0.00, 0.90, 0.00, 0.02, 0.03, 0.00, 0.00, 1.00, 0.00, 0.00, 0.00, 0.00, 1.00, 0.00, 0.00, 1.00, 0.00, 0.00, 1.00, 0.00, 0.00, 0.00, 0.00, 0.00, 0.00
368,  0,  12.246,  0.93,  1,  -4.5,  7.5,  345.0,  0.247,  0.129,  -0.016, 1.25, 0.00, 0.00, 0.54, 0.00, 0.09, 0.00, 0.11, 0.60, 0.00, 0.00, 0.75, 0.00, 0.00, 0.33, 0.00, 0.00, 1.00, 0.00, 0.00, 0.00, 0.00, 1.00, 0.00, 0.00, 1.00, 0.00, 0.00, 1.00, 0.00, 0.00, 0.00, 0.00, 0.00, 0.00
369,  0,  12.279,  0.98,  1,  -4.1,  8.1,  343.3,  0.264,  0.120,  -0.019, 1.41, 0.07, 0.00, 0.39, 0.11, 0.42, 0.03, 0.35, 0.63, 0.00, 0.00, 0.71, 0.00, 0.00, 0.58, 0.00, 0.07, 1.00, 0.00, 0.00, 0.00, 0.00, 1.00, 0.00, 1.00, 0.00, 0.00, 0.00, 1.00, 0.00, 0.00, 1.00, 0.00, 0.00, 0.00
370,  0,  12.312,  0.98,  1,  -3.2,  9.0,  344.9,  0.275,  0.111,  -0.019, 1.72, 0.23, 0.00, 0.22, 0.24, 0.66, 0.12, 0.64, 0.69, 0.00, 0.00, 0.63, 0.00, 0.00, 0.86, 0.04, 0.83, 1.00, 1.00, 0.00, 0.00, 0.00, 1.00, 0.00, 1.00, 0.00, 0.00, 0.00, 1.00, 0.00, 0.00, 1.00, 0.00, 0.00, 0.00
371,  0,  12.346,  0.93,  1,  -2.0,  10.0,  345.3,  0.264,  0.089,  -0.014, 2.23, 0.51, 0.00, 0.00, 0.27, 0.71, 0.12, 0.74, 0.69, 0.00, 0.00, 0.62, 0.01, 0.00, 0.83, 0.08, 1.72, 1.00, 1.00, 0.00, 0.00, 0.00, 1.00, 0.00, 1.00, 0.00, 0.00, 0.00, 1.00, 0.00, 0.00, 1.00, 0.00, 0.00, 1.00
372,  0,  12.379,  0.93,  1,  -0.0,  11.3,  348.6,  0.282,  0.067,  -0.009, 2.69, 0.66, 0.00, 0.00, 0.16, 0.40, 0.09, 0.66, 0.65, 0.00, 0.00, 0.54, 0.07, 0.00, 0.74, 0.34, 2.39, 1.00, 1.00, 0.00, 0.00, 0.00, 1.00, 0.00, 1.00, 0.00, 0.00, 0.00, 0.00, 0.00, 0.00, 1.00, 0.00, 0.00, 1.00
373,  0,  12.412,  0.93,  1,  2.5,  12.1,  346.6,  0.282,  0.038,  -0.002, 2.86, 0.69, 0.00, 0.00, 0.03, 0.16, 0.00, 0.42, 0.53, 0.00, 0.01, 0.61, 0.17, 0.00, 0.44, 0.45, 2.53, 1.00, 1.00, 0.00, 0.00, 0.00, 1.00, 0.00, 0.00, 0.00, 0.00, 0.00, 1.00, 1.00, 0.00, 0.00, 0.00, 0.00, 1.00
374,  0,  12.446,  0.93,  1,  4.9,  12.7,  346.8,  0.271,  0.018,  0.009, 2.70, 0.41, 0.00, 0.00, 0.00, 0.03, 0.00, 0.20, 0.47, 0.00, 0.01, 0.56, 0.29, 0.00, 0.16, 0.53, 2.62, 1.00, 1.00, 0.00, 0.00, 0.00, 1.00, 0.00, 0.00, 0.00, 0.00, 0.00, 0.00, 1.00, 0.00, 0.00, 0.00, 0.00, 1.00
375,  0,  12.479,  0.93,  1,  7.4,  13.4,  346.4,  0.267,  -0.001,  0.022, 2.40, 0.27, 0.00, 0.00, 0.00, 0.01, 0.00, 0.05, 0.48, 0.00, 0.01, 0.55, 0.46, 0.00, 0.00, 0.44, 2.70, 1.00, 1.00, 0.00, 0.00, 0.00, 1.00, 0.00, 0.00, 0.00, 0.00, 0.00, 0.00, 1.00, 0.00, 0.00, 0.00, 0.00, 1.00
376,  0,  12.513,  0.93,  1,  10.1,  13.9,  342.4,  0.274,  -0.015,  0.030, 2.02, 0.08, 0.00, 0.00, 0.02, 0.01, 0.00, 0.00, 0.57, 0.00, 0.00, 0.45, 0.57, 0.00, 0.00, 0.39, 2.44, 1.00, 1.00, 0.00, 0.00, 0.00, 1.00, 0.00, 0.00, 0.00, 0.00, 0.00, 0.00, 1.00, 0.00, 0.00, 0.00, 0.00, 1.00
377,  0,  12.546,  0.93,  1,  12.6,  14.8,  342.3,  0.304,  -0.029,  0.040, 1.76, 0.08, 0.00, 0.00, 0.05, 0.11, 0.00, 0.03, 0.64, 0.00, 0.00, 0.43, 0.55, 0.00, 0.00, 0.46, 1.84, 1.00, 1.00, 0.00, 0.00, 0.00, 1.00, 0.00, 0.00, 0.00, 0.00, 0.00, 0.00, 0.00, 0.00, 0.00, 0.00, 0.00, 1.00
378,  0,  12.579,  0.93,  1,  14.4,  16.0,  344.5,  0.348,  -0.038,  0.050, 1.53, 0.00, 0.00, 0.00, 0.11, 0.19, 0.00, 0.12, 0.71, 0.00, 0.00, 0.33, 0.45, 0.00, 0.00, 0.59, 1.31, 1.00, 1.00, 0.00, 0.00, 0.00, 1.00, 0.00, 0.00, 0.00, 0.00, 0.00, 0.00, 0.00, 0.00, 0.00, 0.00, 0.00, 1.00
379,  0,  12.613,  0.98,  1,  15.2,  16.1,  342.7,  0.350,  -0.033,  0.055, 1.55, 0.00, 0.00, 0.00, 0.12, 0.19, 0.00, 0.18, 0.78, 0.00, 0.00, 0.17, 0.31, 0.00, 0.00, 0.79, 0.86, 1.00, 1.00, 0.00, 0.00, 0.00, 1.00, 0.00, 0.00, 0.00, 0.00, 0.00, 0.00, 0.00, 0.00, 0.00, 1.00, 0.00, 1.00
380,  0,  12.646,  0.98,  1,  15.7,  16.4,  342.4,  0.354,  -0.033,  0.059, 1.52, 0.00, 0.00, 0.00, 0.18, 0.08, 0.00, 0.26, 0.85, 0.04, 0.00, 0.07, 0.26, 0.00, 0.01, 0.86, 0.60, 1.00, 1.00, 0.00, 0.00, 0.00, 1.00, 0.00, 0.00, 0.00, 0.00, 0.00, 0.00, 0.00, 0.00, 0.00, 1.00, 0.00, 1.00
381,  0,  12.679,  0.98,  1,  16.3,  16.3,  342.0,  0.349,  -0.033,  0.063, 1.57, 0.00, 0.00, 0.00, 0.20, 0.00, 0.00, 0.30, 0.94, 0.11, 0.00, 0.00, 0.13, 0.00, 0.06, 0.71, 0.53, 1.00, 1.00, 0.00, 0.00, 0.00, 1.00, 0.00, 0.00, 0.00, 0.00, 0.00, 0.00, 0.00, 0.00, 0.00, 1.00, 0.00, 1.00
382,  0,  12.713,  0.98,  1,  17.1,  16.2,  340.6,  0.343,  -0.032,  0.071, 1.54, 0.02, 0.00, 0.00, 0.28, 0.02, 0.00, 0.39, 1.02, 0.20, 0.00, 0.00, 0.06, 0.00, 0.10, 0.50, 0.51, 1.00, 1.00, 0.00, 0.00, 0.00, 1.00, 0.00, 0.00, 0.00, 0.00, 0.00, 0.00, 0.00, 0.00, 0.00, 1.00, 0.00, 1.00
383,  0,  12.746,  0.98,  1,  18.5,  16.3,  341.4,  0.331,  -0.038,  0.078, 1.49, 0.02, 0.00, 0.00, 0.31, 0.02, 0.00, 0.32, 1.15, 0.16, 0.00, 0.00, 0.01, 0.00, 0.19, 0.35, 0.47, 1.00, 1.00, 0.00, 0.00, 0.00, 1.00, 0.00, 0.00, 0.00, 0.00, 0.00, 0.00, 0.00, 0.00, 0.00, 1.00, 0.00, 0.00
384,  0,  12.779,  0.98,  1,  19.7,  16.3,  341.9,  0.320,  -0.047,  0.086, 1.40, 0.02, 0.00, 0.00, 0.37, 0.05, 0.00, 0.20, 1.25, 0.19, 0.00, 0.00, 0.01, 0.00, 0.25, 0.26, 0.36, 1.00, 1.00, 0.00, 0.00, 0.00, 1.00, 0.00, 0.00, 1.00, 0.00, 0.00, 0.00, 0.00, 0.00, 0.00, 1.00, 0.00, 0.00
385,  0,  12.813,  0.98,  1,  21.1,  16.2,  342.7,  0.307,  -0.057,  0.093, 1.14, 0.00, 0.00, 0.00, 0.39, 0.03, 0.00, 0.05, 1.30, 0.19, 0.00, 0.00, 0.01, 0.00, 0.28, 0.21, 0.23, 1.00, 1.00, 0.00, 0.00, 0.00, 1.00, 0.00, 0.00, 1.00, 0.00, 0.00, 0.00, 0.00, 0.00, 0.00, 1.00, 0.00, 0.00
386,  0,  12.846,  0.98,  1,  22.1,  16.1,  342.1,  0.298,  -0.061,  0.098, 0.82, 0.00, 0.00, 0.00, 0.42, 0.03, 0.00, 0.00, 1.30, 0.22, 0.00, 0.00, 0.00, 0.00, 0.20, 0.09, 0.15, 1.00, 1.00, 0.00, 0.00, 0.00, 1.00, 0.00, 0.00, 1.00, 0.00, 0.00, 0.00, 0.00, 0.00, 0.00, 1.00, 0.00, 0.00
387,  0,  12.880,  0.98,  1,  23.2,  16.0,  342.8,  0.297,  -0.066,  0.105, 0.49, 0.00, 0.00, 0.00, 0.41, 0.00, 0.00, 0.00, 1.30, 0.12, 0.00, 0.00, 0.00, 0.00, 0.12, 0.03, 0.05, 1.00, 1.00, 0.00, 0.00, 0.00, 1.00, 0.00, 0.00, 1.00, 0.00, 0.00, 0.00, 0.00, 0.00, 0.00, 0.00, 0.00, 0.00
388,  0,  12.913,  0.98,  1,  24.0,  15.8,  343.3,  0.294,  -0.071,  0.112, 0.31, 0.00, 0.00, 0.00, 0.44, 0.00, 0.00, 0.00, 1.31, 0.10, 0.00, 0.00, 0.00, 0.00, 0.05, 0.00, 0.00, 0.00, 1.00, 0.00, 0.00, 0.00, 1.00, 0.00, 0.00, 1.00, 0.00, 0.00, 0.00, 0.00, 0.00, 0.00, 0.00, 0.00, 0.00
389,  0,  12.946,  0.98,  1,  24.7,  15.5,  343.7,  0.291,  -0.075,  0.117, 0.22, 0.00, 0.00, 0.00, 0.44, 0.00, 0.00, 0.00, 1.32, 0.11, 0.00, 0.00, 0.00, 0.00, 0.07, 0.03, 0.00, 0.00, 1.00, 0.00, 0.00, 0.00, 1.00, 0.00, 0.00, 1.00, 0.00, 0.00, 0.00, 0.00, 0.00, 0.00, 0.00, 0.00, 0.00
390,  0,  12.980,  0.98,  1,  25.5,  14.9,  344.9,  0.285,  -0.086,  0.120, 0.15, 0.00, 0.00, 0.00, 0.45, 0.00, 0.00, 0.00, 1.31, 0.12, 0.00, 0.00, 0.00, 0.00, 0.08, 0.03, 0.00, 0.00, 1.00, 0.00, 0.00, 0.00, 1.00, 0.00, 0.00, 1.00, 0.00, 0.00, 0.00, 0.00, 0.00, 0.00, 0.00, 0.00, 0.00
391,  0,  13.013,  0.98,  1,  25.8,  14.4,  345.2,  0.290,  -0.086,  0.120, 0.11, 0.00, 0.00, 0.00, 0.45, 0.00, 0.00, 0.00, 1.36, 0.11, 0.00, 0.00, 0.00, 0.00, 0.16, 0.03, 0.00, 0.00, 1.00, 0.00, 0.00, 0.00, 1.00, 0.00, 0.00, 1.00, 0.00, 0.00, 0.00, 0.00, 0.00, 0.00, 0.00, 0.00, 0.00
392,  0,  13.046,  0.98,  1,  26.0,  13.7,  345.2,  0.284,  -0.089,  0.120, 0.21, 0.00, 0.00, 0.00, 0.44, 0.00, 0.00, 0.00, 1.34, 0.07, 0.00, 0.00, 0.00, 0.00, 0.20, 0.00, 0.00, 0.00, 1.00, 0.00, 0.00, 0.00, 1.00, 0.00, 0.00, 1.00, 0.00, 0.00, 0.00, 0.00, 0.00, 0.00, 0.00, 0.00, 0.00
393,  0,  13.080,  0.98,  1,  25.8,  13.1,  346.2,  0.282,  -0.085,  0.120, 0.25, 0.00, 0.00, 0.00, 0.45, 0.00, 0.00, 0.00, 1.35, 0.05, 0.00, 0.00, 0.00, 0.00, 0.23, 0.00, 0.00, 0.00, 1.00, 0.00, 0.00, 0.00, 1.00, 0.00, 0.00, 1.00, 0.00, 0.00, 0.00, 0.00, 0.00, 0.00, 0.00, 0.00, 0.00
394,  0,  13.113,  0.98,  1,  25.4,  12.6,  346.2,  0.280,  -0.084,  0.120, 0.34, 0.00, 0.00, 0.00, 0.42, 0.00, 0.00, 0.00, 1.29, 0.00, 0.00, 0.00, 0.00, 0.00, 0.22, 0.00, 0.00, 0.00, 1.00, 0.00, 0.00, 0.00, 1.00, 0.00, 0.00, 1.00, 0.00, 0.00, 0.00, 0.00, 0.00, 0.00, 0.00, 0.00, 0.00
395,  0,  13.146,  0.98,  1,  25.0,  12.2,  346.5,  0.275,  -0.084,  0.118, 0.30, 0.00, 0.00, 0.00, 0.39, 0.00, 0.00, 0.00, 1.26, 0.00, 0.00, 0.00, 0.00, 0.00, 0.24, 0.00, 0.00, 0.00, 1.00, 0.00, 0.00, 0.00, 1.00, 0.00, 0.00, 1.00, 0.00, 0.00, 0.00, 0.00, 0.00, 0.00, 0.00, 0.00, 0.00
396,  0,  13.180,  0.98,  1,  24.3,  11.9,  346.1,  0.271,  -0.080,  0.115, 0.34, 0.00, 0.00, 0.00, 0.35, 0.00, 0.00, 0.00, 1.21, 0.00, 0.00, 0.00, 0.00, 0.00, 0.27, 0.01, 0.00, 0.00, 1.00, 0.00, 0.00, 0.00, 1.00, 0.00, 0.00, 1.00, 0.00, 0.00, 0.00, 0.00, 0.00, 0.00, 0.00, 0.00, 0.00
397,  0,  13.213,  0.98,  1,  23.9,  11.6,  347.7,  0.271,  -0.080,  0.113, 0.36, 0.00, 0.00, 0.00, 0.31, 0.00, 0.00, 0.00, 1.16, 0.00, 0.00, 0.00, 0.00, 0.00, 0.30, 0.01, 0.03, 0.00, 1.00, 0.00, 0.00, 0.00, 1.00, 0.00, 0.00, 1.00, 0.00, 0.00, 0.00, 0.00, 0.00, 0.00, 0.00, 0.00, 0.00
398,  0,  13.247,  0.98,  1,  23.2,  11.3,  346.8,  0.264,  -0.079,  0.111, 0.37, 0.00, 0.00, 0.00, 0.30, 0.00, 0.00, 0.00, 1.15, 0.00, 0.00, 0.00, 0.00, 0.00, 0.27, 0.01, 0.04, 0.00, 1.00, 0.00, 0.00, 0.00, 1.00, 0.00, 0.00, 1.00, 0.00, 0.00, 0.00, 0.00, 0.00, 0.00, 0.00, 0.00, 0.00
399,  0,  13.280,  0.98,  1,  22.6,  11.2,  347.5,  0.269,  -0.077,  0.109, 0.40, 0.00, 0.00, 0.00, 0.29, 0.00, 0.00, 0.00, 1.13, 0.00, 0.00, 0.00, 0.00, 0.00, 0.26, 0.00, 0.04, 0.00, 1.00, 0.00, 0.00, 0.00, 1.00, 0.00, 0.00, 1.00, 0.00, 0.00, 0.00, 0.00, 0.00, 0.00, 0.00, 0.00, 0.00
400,  0,  13.313,  0.98,  1,  22.1,  11.1,  347.7,  0.266,  -0.076,  0.109, 0.44, 0.00, 0.00, 0.00, 0.26, 0.00, 0.00, 0.00, 1.14, 0.00, 0.00, 0.00, 0.00, 0.00, 0.25, 0.04, 0.06, 0.00, 1.00, 0.00, 0.00, 0.00, 1.00, 0.00, 0.00, 1.00, 0.00, 0.00, 0.00, 0.00, 0.00, 0.00, 0.00, 0.00, 0.00
401,  0,  13.347,  0.98,  1,  22.0,  10.8,  346.9,  0.259,  -0.078,  0.107, 0.54, 0.00, 0.00, 0.00, 0.22, 0.00, 0.00, 0.00, 1.14, 0.00, 0.00, 0.00, 0.00, 0.00, 0.21, 0.07, 0.05, 1.00, 1.00, 0.00, 0.00, 0.00, 1.00, 0.00, 0.00, 1.00, 0.00, 0.00, 0.00, 0.00, 0.00, 0.00, 0.00, 0.00, 0.00
402,  0,  13.380,  0.98,  1,  21.7,  10.8,  347.8,  0.265,  -0.080,  0.105, 0.63, 0.00, 0.00, 0.00, 0.23, 0.00, 0.00, 0.00, 1.21, 0.00, 0.00, 0.00, 0.00, 0.00, 0.13, 0.07, 0.05, 1.00, 1.00, 0.00, 0.00, 0.00, 1.00, 0.00, 0.00, 1.00, 0.00, 0.00, 0.00, 0.00, 0.00, 0.00, 0.00, 0.00, 0.00
403,  0,  13.413,  0.98,  1,  21.5,  10.4,  347.9,  0.258,  -0.084,  0.103, 0.68, 0.00, 0.00, 0.00, 0.23, 0.00, 0.00, 0.00, 1.29, 0.00, 0.00, 0.00, 0.00, 0.00, 0.11, 0.06, 0.01, 1.00, 1.00, 0.00, 0.00, 0.00, 1.00, 0.00, 0.00, 1.00, 0.00, 0.00, 0.00, 0.00, 0.00, 0.00, 0.00, 0.00, 0.00
404,  0,  13.447,  0.98,  1,  21.1,  10.1,  348.2,  0.258,  -0.085,  0.103, 0.76, 0.00, 0.00, 0.00, 0.19, 0.00, 0.00, 0.00, 1.33, 0.00, 0.00, 0.00, 0.00, 0.00, 0.15, 0.04, 0.01, 1.00, 1.00, 0.00, 0.00, 0.00, 1.00, 0.00, 0.00, 1.00, 0.00, 0.00, 0.00, 0.00, 0.00, 0.00, 0.00, 0.00, 0.00
405,  0,  13.480,  0.98,  1,  20.4,  9.7,  347.5,  0.254,  -0.083,  0.103, 0.86, 0.05, 0.00, 0.00, 0.14, 0.00, 0.00, 0.00, 1.32, 0.00, 0.00, 0.00, 0.00, 0.00, 0.15, 0.04, 0.07, 1.00, 1.00, 0.00, 0.00, 0.00, 1.00, 0.00, 0.00, 1.00, 0.00, 0.00, 0.00, 0.00, 0.00, 0.00, 0.00, 0.00, 0.00
406,  0,  13.514,  0.98,  1,  19.7,  9.3,  347.7,  0.254,  -0.077,  0.100, 0.86, 0.05, 0.00, 0.00, 0.11, 0.00, 0.00, 0.00, 1.26, 0.00, 0.00, 0.00, 0.00, 0.00, 0.09, 0.01, 0.08, 1.00, 1.00, 0.00, 0.00, 0.00, 1.00, 0.00, 0.00, 1.00, 0.00, 0.00, 0.00, 0.00, 0.00, 0.00, 0.00, 0.00, 0.00
407,  0,  13.547,  0.98,  1,  19.0,  9.0,  348.0,  0.251,  -0.076,  0.100, 0.92, 0.10, 0.00, 0.00, 0.12, 0.00, 0.00, 0.00, 1.27, 0.00, 0.00, 0.00, 0.00, 0.00, 0.02, 0.00, 0.13, 1.00, 1.00, 0.00, 0.00, 0.00, 1.00, 0.00, 0.00, 1.00, 0.00, 0.00, 0.00, 0.00, 0.00, 0.00, 0.00, 0.00, 0.00
408,  0,  13.580,  0.98,  1,  18.5,  8.6,  347.9,  0.249,  -0.073,  0.098, 0.99, 0.19, 0.00, 0.00, 0.09, 0.00, 0.00, 0.00, 1.24, 0.00, 0.00, 0.00, 0.00, 0.00, 0.05, 0.00, 0.22, 1.00, 1.00, 0.00, 0.00, 0.00, 1.00, 0.00, 0.00, 1.00, 0.00, 0.00, 0.00, 0.00, 0.00, 0.00, 0.00, 0.00, 0.00
409,  0,  13.614,  0.98,  1,  17.9,  8.6,  348.8,  0.259,  -0.070,  0.097, 1.26, 0.47, 0.00, 0.00, 0.23, 0.10, 0.00, 0.00, 1.32, 0.00, 0.00, 0.00, 0.00, 0.00, 0.15, 0.00, 0.72, 1.00, 1.00, 0.00, 0.00, 0.00, 1.00, 0.00, 0.00, 1.00, 0.00, 0.00, 0.00, 0.00, 0.00, 0.00, 0.00, 0.00, 0.00
410,  0,  13.647,  0.93,  1,  16.6,  8.9,  346.5,  0.254,  -0.061,  0.096, 1.57, 0.68, 0.00, 0.00, 0.28, 0.27, 0.00, 0.00, 1.40, 0.00, 0.00, 0.00, 0.00, 0.00, 0.27, 0.16, 1.35, 1.00, 1.00, 0.00, 0.00, 0.00, 1.00, 0.00, 0.00, 1.00, 0.00, 0.00, 0.00, 0.00, 0.00, 0.00, 0.00, 0.00, 1.00
411,  0,  13.680,  0.93,  1,  14.5,  9.2,  345.4,  0.260,  -0.045,  0.091, 1.92, 0.83, 0.00, 0.00, 0.44, 0.71, 0.00, 0.03, 1.47, 0.00, 0.00, 0.01, 0.00, 0.00, 0.33, 0.36, 1.83, 1.00, 1.00, 0.00, 0.00, 0.00, 1.00, 0.00, 0.00, 1.00, 0.00, 0.00, 0.00, 0.00, 0.00, 0.00, 0.00, 0.00, 1.00
412,  0,  13.714,  0.93,  1,  10.8,  8.6,  345.4,  0.260,  -0.009,  0.084, 2.11, 0.66, 0.00, 0.00, 0.44, 0.98, 0.00, 0.14, 1.49, 0.00, 0.00, 0.20, 0.00, 0.00, 0.33, 0.54, 1.62, 1.00, 1.00, 0.00, 0.00, 0.00, 1.00, 0.00, 0.00, 1.00, 0.00, 0.00, 0.00, 0.00, 0.00, 0.00, 0.00, 0.00, 1.00
413,  0,  13.747,  0.93,  1,  6.1,  8.0,  347.8,  0.270,  0.040,  0.069, 2.21, 0.51, 0.00, 0.00, 0.49, 1.42, 0.00, 0.20, 1.52, 0.00, 0.00, 0.40, 0.00, 0.00, 0.21, 0.38, 1.21, 1.00, 1.00, 0.00, 0.00, 0.00, 1.00, 0.00, 0.00, 1.00, 0.00, 0.00, 0.00, 0.00, 0.00, 0.00, 0.00, 0.00, 1.00
414,  0,  13.780,  0.93,  1,  2.0,  7.4,  346.7,  0.265,  0.083,  0.057, 2.34, 0.40, 0.00, 0.00, 0.36, 1.44, 0.00, 0.30, 1.53, 0.00, 0.00, 0.63, 0.00, 0.00, 0.23, 0.18, 0.86, 1.00, 1.00, 0.00, 0.00, 0.00, 1.00, 0.00, 0.00, 1.00, 0.00, 0.00, 1.00, 0.00, 0.00, 0.00, 0.00, 0.00, 0.00
415,  0,  13.814,  0.93,  1,  -0.8,  6.7,  348.3,  0.251,  0.111,  0.037, 2.53, 0.38, 0.00, 0.00, 0.24, 1.72, 0.00, 0.32, 1.50, 0.00, 0.00, 0.69, 0.00, 0.00, 0.31, 0.00, 0.65, 1.00, 1.00, 0.00, 0.00, 0.00, 1.00, 0.00, 1.00, 1.00, 0.00, 0.00, 1.00, 0.00, 0.00, 0.00, 0.00, 0.00, 0.00
416,  0,  13.847,  0.93,  1,  -2.0,  6.1,  347.1,  0.246,  0.119,  0.019, 2.76, 0.62, 0.00, 0.00, 0.13, 1.61, 0.00, 0.37, 1.44, 0.00, 0.00, 0.72, 0.00, 0.00, 0.49, 0.00, 0.40, 1.00, 1.00, 0.00, 0.00, 0.00, 1.00, 0.00, 1.00, 1.00, 0.00, 0.00, 1.00, 0.00, 0.00, 0.00, 0.00, 0.00, 0.00
417,  0,  13.881,  0.93,  1,  -2.3,  5.9,  346.0,  0.251,  0.122,  0.005, 2.83, 0.82, 0.00, 0.00, 0.12, 1.72, 0.00, 0.47, 1.45, 0.00, 0.00, 0.64, 0.00, 0.00, 0.64, 0.00, 0.13, 1.00, 1.00, 0.00, 0.00, 0.00, 1.00, 0.00, 1.00, 1.00, 0.00, 0.00, 1.00, 0.00, 0.00, 0.00, 0.00, 0.00, 0.00
418,  0,  13.914,  0.93,  1,  -2.4,  6.0,  343.7,  0.257,  0.120,  -0.006, 2.86, 1.06, 0.00, 0.00, 0.11, 1.57, 0.00, 0.56, 1.46, 0.00, 0.00, 0.57, 0.00, 0.00, 0.77, 0.00, 0.02, 1.00, 1.00, 0.00, 0.00, 0.00, 1.00, 0.00, 1.00, 1.00, 0.00, 0.00, 1.00, 0.00, 0.00, 0.00, 0.00, 0.00, 0.00
419,  0,  13.947,  0.93,  1,  -2.3,  5.9,  343.0,  0.248,  0.117,  -0.010, 2.79, 1.08, 0.00, 0.00, 0.14, 1.54, 0.00, 0.63, 1.42, 0.00, 0.00, 0.50, 0.00, 0.00, 0.80, 0.00, 0.00, 1.00, 1.00, 0.00, 0.00, 0.00, 1.00, 0.00, 1.00, 1.00, 0.00, 0.00, 0.00, 0.00, 0.00, 0.00, 0.00, 0.00, 0.00
420,  0,  13.981,  0.93,  1,  -2.2,  5.8,  343.5,  0.248,  0.117,  -0.015, 2.75, 1.04, 0.00, 0.00, 0.09, 1.32, 0.00, 0.52, 1.36, 0.00, 0.02, 0.55, 0.00, 0.00, 0.80, 0.00, 0.00, 1.00, 1.00, 0.00, 0.00, 0.00, 1.00, 0.00, 1.00, 1.00, 0.00, 0.00, 0.00, 0.00, 0.00, 0.00, 0.00, 0.00, 0.00
421,  0,  14.014,  0.93,  1,  -2.1,  5.8,  343.7,  0.245,  0.115,  -0.018, 2.76, 1.04, 0.00, 0.00, 0.06, 1.26, 0.00, 0.45, 1.28, 0.00, 0.02, 0.49, 0.00, 0.00, 0.73, 0.00, 0.00, 1.00, 1.00, 0.00, 0.00, 0.00, 1.00, 0.00, 1.00, 1.00, 0.00, 0.00, 0.00, 0.00, 0.00, 0.00, 0.00, 0.00, 0.00
422,  0,  14.047,  0.93,  1,  -2.0,  5.9,  344.2,  0.241,  0.119,  -0.020, 2.76, 1.00, 0.00, 0.00, 0.01, 1.23, 0.00, 0.37, 1.23, 0.00, 0.03, 0.49, 0.00, 0.00, 0.61, 0.00, 0.00, 1.00, 1.00, 0.00, 0.00, 0.00, 1.00, 0.00, 1.00, 1.00, 0.00, 0.00, 0.00, 0.00, 0.00, 0.00, 0.00, 0.00, 0.00
423,  0,  14.081,  0.93,  1,  -2.0,  5.8,  344.0,  0.236,  0.122,  -0.024, 2.79, 1.01, 0.00, 0.00, 0.01, 1.23, 0.00, 0.38, 1.11, 0.00, 0.01, 0.47, 0.00, 0.00, 0.44, 0.00, 0.00, 1.00, 1.00, 0.00, 0.00, 0.00, 1.00, 0.00, 1.00, 1.00, 0.00, 0.00, 1.00, 0.00, 0.00, 0.00, 0.00, 0.00, 0.00
424,  0,  14.114,  0.93,  1,  -1.9,  5.8,  343.3,  0.236,  0.118,  -0.026, 2.81, 1.03, 0.00, 0.00, 0.00, 1.12, 0.00, 0.36, 1.01, 0.00, 0.01, 0.53, 0.00, 0.00, 0.30, 0.00, 0.00, 1.00, 1.00, 0.00, 0.00, 0.00, 1.00, 0.00, 1.00, 1.00, 0.00, 0.00, 1.00, 0.00, 0.00, 0.00, 0.00, 0.00, 0.00
425,  0,  14.147,  0.93,  1,  -1.8,  5.7,  342.6,  0.231,  0.117,  -0.028, 2.88, 1.17, 0.00, 0.10, 0.00, 1.07, 0.00, 0.37, 0.95, 0.00, 0.04, 0.62, 0.00, 0.00, 0.20, 0.00, 0.00, 1.00, 1.00, 0.00, 0.00, 0.00, 1.00, 0.00, 1.00, 1.00, 0.00, 0.00, 1.00, 0.00, 0.00, 0.00, 0.00, 0.00, 0.00
426,  0,  14.181,  0.98,  1,  -1.3,  5.8,  342.0,  0.233,  0.114,  -0.030, 2.87, 1.19, 0.00, 0.10, 0.00, 1.03, 0.00, 0.30, 0.93, 0.00, 0.04, 0.66, 0.00, 0.00, 0.11, 0.00, 0.00, 1.00, 1.00, 0.00, 0.00, 0.00, 1.00, 0.00, 0.00, 1.00, 0.00, 0.00, 1.00, 0.00, 0.00, 0.00, 0.00, 0.00, 0.00
427,  0,  14.214,  0.93,  1,  -0.7,  6.0,  343.6,  0.228,  0.118,  -0.029, 2.86, 1.21, 0.00, 0.20, 0.00, 0.98, 0.00, 0.20, 0.87, 0.00, 0.04, 0.78, 0.00, 0.00, 0.02, 0.00, 0.00, 1.00, 1.00, 0.00, 0.00, 0.00, 1.00, 0.00, 0.00, 1.00, 0.00, 0.00, 1.00, 0.00, 0.00, 0.00, 0.00, 0.00, 0.00
428,  0,  14.248,  0.98,  1,  -0.2,  6.2,  343.2,  0.230,  0.115,  -0.030, 2.76, 0.99, 0.00, 0.35, 0.00, 0.97, 0.00, 0.09, 0.84, 0.00, 0.01, 0.82, 0.00, 0.00, 0.00, 0.00, 0.00, 1.00, 1.00, 0.00, 0.00, 0.00, 1.00, 0.00, 0.00, 1.00, 0.00, 0.00, 1.00, 0.00, 0.00, 0.00, 0.00, 0.00, 0.00
429,  0,  14.281,  0.93,  1,  0.2,  6.5,  342.2,  0.227,  0.113,  -0.028, 2.75, 1.04, 0.00, 0.56, 0.00, 0.92, 0.00, 0.13, 0.84, 0.00, 0.01, 0.90, 0.00, 0.00, 0.00, 0.00, 0.00, 1.00, 1.00, 0.00, 0.00, 0.00, 1.00, 0.00, 0.00, 1.00, 0.00, 0.00, 1.00, 0.00, 0.00, 0.00, 0.00, 0.00, 0.00
430,  0,  14.314,  0.93,  1,  0.6,  7.1,  341.3,  0.242,  0.113,  -0.031, 2.62, 1.03, 0.00, 0.60, 0.00, 0.92, 0.00, 0.32, 0.87, 0.00, 0.01, 0.83, 0.00, 0.00, 0.14, 0.00, 0.00, 1.00, 1.00, 0.00, 0.00, 0.00, 1.00, 0.00, 0.00, 1.00, 0.00, 0.00, 1.00, 0.00, 0.00, 0.00, 0.00, 0.00, 0.00
431,  0,  14.348,  0.93,  1,  0.8,  7.8,  339.9,  0.256,  0.118,  -0.034, 2.49, 1.04, 0.00, 0.43, 0.00, 0.92, 0.00, 0.55, 0.91, 0.00, 0.00, 0.75, 0.00, 0.00, 0.44, 0.03, 0.00, 1.00, 1.00, 0.00, 0.00, 0.00, 1.00, 0.00, 1.00, 1.00, 0.00, 0.00, 1.00, 0.00, 0.00, 1.00, 1.00, 0.00, 0.00
432,  0,  14.381,  0.93,  1,  1.1,  8.2,  338.7,  0.264,  0.116,  -0.036, 2.40, 1.07, 0.00, 0.43, 0.00, 0.99, 0.00, 0.73, 0.98, 0.00, 0.04, 0.61, 0.00, 0.00, 0.77, 0.12, 0.00, 1.00, 1.00, 0.00, 0.00, 0.00, 1.00, 0.00, 1.00, 1.00, 0.00, 0.00, 0.00, 0.00, 0.00, 1.00, 1.00, 0.00, 0.00
433,  0,  14.414,  0.98,  1,  1.4,  8.6,  336.7,  0.283,  0.110,  -0.036, 2.48, 1.12, 0.00, 0.54, 0.00, 1.12, 0.00, 0.82, 1.01, 0.00, 0.04, 0.60, 0.00, 0.00, 0.99, 0.27, 0.00, 1.00, 1.00, 0.00, 0.00, 0.00, 1.00, 0.00, 1.00, 1.00, 0.00, 0.00, 0.00, 0.00, 0.00, 1.00, 1.00, 0.00, 0.00
434,  0,  14.448,  0.98,  1,  1.6,  8.6,  336.8,  0.280,  0.112,  -0.038, 2.56, 1.31, 0.00, 0.77, 0.00, 1.16, 0.00, 0.88, 1.02, 0.00, 0.06, 0.60, 0.00, 0.00, 1.08, 0.32, 0.00, 1.00, 1.00, 0.00, 0.00, 0.00, 1.00, 0.00, 1.00, 1.00, 0.00, 0.00, 0.00, 0.00, 0.00, 1.00, 1.00, 0.00, 0.00
435,  0,  14.481,  0.93,  1,  1.8,  8.5,  337.7,  0.276,  0.117,  -0.040, 2.63, 1.22, 0.00, 0.69, 0.00, 1.26, 0.00, 0.86, 0.98, 0.00, 0.06, 0.68, 0.00, 0.00, 0.98, 0.34, 0.00, 1.00, 1.00, 0.00, 0.00, 0.00, 1.00, 0.00, 1.00, 1.00, 0.00, 0.00, 0.00, 0.00, 0.00, 1.00, 1.00, 0.00, 0.00
436,  0,  14.515,  0.93,  1,  1.9,  8.2,  341.1,  0.258,  0.123,  -0.039, 2.59, 1.15, 0.00, 0.54, 0.00, 1.12, 0.00, 0.73, 0.95, 0.00, 0.06, 0.71, 0.00, 0.00, 0.76, 0.23, 0.00, 1.00, 1.00, 0.00, 0.00, 0.00, 1.00, 0.00, 1.00, 1.00, 0.00, 0.00, 1.00, 0.00, 0.00, 1.00, 1.00, 0.00, 0.00
437,  0,  14.548,  0.93,  1,  2.0,  8.1,  342.8,  0.250,  0.122,  -0.036, 2.66, 1.08, 0.00, 0.50, 0.00, 1.13, 0.00, 0.54, 0.89, 0.00, 0.06, 0.76, 0.00, 0.00, 0.45, 0.15, 0.00, 1.00, 1.00, 0.00, 0.00, 0.00, 1.00, 0.00, 1.00, 1.00, 0.00, 0.00, 1.00, 0.00, 0.00, 0.00, 0.00, 0.00, 0.00
438,  0,  14.581,  0.93,  1,  2.1,  7.7,  343.8,  0.243,  0.116,  -0.031, 2.70, 1.01, 0.00, 0.55, 0.00, 1.11, 0.00, 0.34, 0.85, 0.00, 0.02, 0.70, 0.00, 0.00, 0.31, 0.03, 0.00, 1.00, 1.00, 0.00, 0.00, 0.00, 1.00, 0.00, 0.00, 1.00, 0.00, 0.00, 1.00, 0.00, 0.00, 0.00, 0.00, 0.00, 0.00
439,  0,  14.615,  0.93,  1,  2.2,  7.5,  344.0,  0.240,  0.110,  -0.026, 2.71, 1.00, 0.00, 0.70, 0.00, 1.23, 0.00, 0.18, 0.85, 0.00, 0.02, 0.63, 0.00, 0.00, 0.23, 0.00, 0.00, 1.00, 1.00, 0.00, 0.00, 0.00, 1.00, 0.00, 0.00, 1.00, 0.00, 0.00, 1.00, 0.00, 0.00, 0.00, 0.00, 0.00, 0.00
440,  0,  14.648,  0.93,  1,  2.2,  7.4,  344.3,  0.238,  0.112,  -0.025, 2.61, 0.92, 0.00, 0.70, 0.00, 1.24, 0.00, 0.10, 0.87, 0.00, 0.00, 0.52, 0.00, 0.00, 0.22, 0.00, 0.00, 1.00, 1.00, 0.00, 0.00, 0.00, 1.00, 0.00, 0.00, 1.00, 0.00, 0.00, 1.00, 0.00, 0.00, 0.00, 0.00, 0.00, 0.00
441,  0,  14.681,  0.93,  1,  2.2,  7.2,  344.5,  0.235,  0.111,  -0.023, 2.55, 1.01, 0.00, 0.73, 0.00, 1.18, 0.00, 0.04, 0.86, 0.00, 0.00, 0.42, 0.00, 0.00, 0.19, 0.00, 0.00, 1.00, 1.00, 0.00, 0.00, 0.00, 1.00, 0.00, 0.00, 1.00, 0.00, 0.00, 1.00, 0.00, 0.00, 0.00, 0.00, 0.00, 0.00
442,  0,  14.715,  0.93,  1,  2.2,  7.1,  344.5,  0.236,  0.109,  -0.021, 2.52, 0.98, 0.00, 0.73, 0.00, 1.09, 0.00, 0.06, 0.83, 0.00, 0.00, 0.41, 0.00, 0.00, 0.20, 0.00, 0.00, 1.00, 1.00, 0.00, 0.00, 0.00, 1.00, 0.00, 0.00, 1.00, 0.00, 0.00, 1.00, 0.00, 0.00, 0.00, 0.00, 0.00, 0.00
443,  0,  14.748,  0.93,  1,  2.2,  7.2,  344.4,  0.235,  0.109,  -0.021, 2.49, 1.00, 0.00, 0.72, 0.00, 0.92, 0.00, 0.04, 0.81, 0.00, 0.00, 0.47, 0.00, 0.01, 0.19, 0.00, 0.00, 1.00, 1.00, 0.00, 0.00, 0.00, 1.00, 0.00, 0.00, 1.00, 0.00, 0.00, 1.00, 0.00, 0.00, 0.00, 0.00, 0.00, 0.00
444,  0,  14.781,  0.93,  1,  2.1,  7.2,  344.8,  0.233,  0.109,  -0.021, 2.40, 0.89, 0.00, 0.62, 0.00, 0.84, 0.00, 0.04, 0.78, 0.00, 0.00, 0.57, 0.00, 0.03, 0.17, 0.00, 0.00, 1.00, 1.00, 0.00, 0.00, 0.00, 1.00, 0.00, 0.00, 1.00, 0.00, 0.00, 1.00, 0.00, 0.00, 0.00, 0.00, 0.00, 0.00
445,  0,  14.815,  0.93,  1,  2.0,  7.4,  344.9,  0.237,  0.108,  -0.020, 2.35, 0.82, 0.00, 0.62, 0.00, 0.87, 0.00, 0.01, 0.77, 0.00, 0.00, 0.59, 0.00, 0.06, 0.11, 0.00, 0.00, 1.00, 1.00, 0.00, 0.00, 0.00, 1.00, 0.00, 0.00, 1.00, 0.00, 0.00, 1.00, 0.00, 0.00, 0.00, 0.00, 0.00, 0.00
446,  0,  14.848,  0.93,  1,  2.0,  7.6,  344.9,  0.236,  0.107,  -0.020, 2.30, 0.74, 0.00, 0.64, 0.00, 0.88, 0.00, 0.00, 0.73, 0.00, 0.00, 0.58, 0.00, 0.06, 0.10, 0.00, 0.00, 1.00, 1.00, 0.00, 0.00, 0.00, 1.00, 0.00, 0.00, 1.00, 0.00, 0.00, 1.00, 0.00, 0.00, 0.00, 0.00, 0.00, 0.00
447,  0,  14.882,  0.93,  1,  1.9,  7.9,  344.9,  0.237,  0.106,  -0.020, 2.22, 0.65, 0.00, 0.71, 0.00, 0.94, 0.00, 0.02, 0.72, 0.00, 0.00, 0.56, 0.00, 0.04, 0.04, 0.00, 0.00, 1.00, 1.00, 0.00, 0.00, 0.00, 1.00, 0.00, 0.00, 1.00, 0.00, 0.00, 1.00, 0.00, 0.00, 0.00, 0.00, 0.00, 0.00
448,  0,  14.915,  0.98,  1,  1.8,  8.2,  344.3,  0.245,  0.106,  -0.020, 2.18, 0.65, 0.00, 0.65, 0.00, 0.88, 0.00, 0.09, 0.67, 0.00, 0.00, 0.56, 0.00, 0.02, 0.10, 0.00, 0.00, 1.00, 1.00, 0.00, 0.00, 0.00, 1.00, 0.00, 0.00, 1.00, 0.00, 0.00, 1.00, 0.00, 0.00, 0.00, 0.00, 0.00, 0.00
449,  0,  14.948,  0.98,  1,  1.8,  8.5,  343.3,  0.258,  0.106,  -0.021, 2.14, 0.58, 0.00, 0.52, 0.00, 0.84, 0.00, 0.25, 0.62, 0.00, 0.00, 0.52, 0.00, 0.00, 0.24, 0.00, 0.00, 1.00, 1.00, 0.00, 0.00, 0.00, 1.00, 0.00, 0.00, 0.00, 0.00, 0.00, 1.00, 0.00, 0.00, 0.00, 0.00, 0.00, 0.00
450,  0,  14.982,  0.98,  1,  1.8,  8.8,  341.8,  0.267,  0.102,  -0.021, 2.16, 0.63, 0.00, 0.43, 0.00, 0.74, 0.00, 0.40, 0.58, 0.00, 0.00, 0.50, 0.00, 0.00, 0.55, 0.04, 0.00, 1.00, 1.00, 0.00, 0.00, 0.00, 1.00, 0.00, 0.00, 0.00, 0.00, 0.00, 1.00, 0.00, 0.00, 0.00, 0.00, 0.00, 0.00
451,  0,  15.015,  0.93,  1,  1.7,  9.1,  341.8,  0.270,  0.103,  -0.020, 2.17, 0.76, 0.00, 0.25, 0.03, 0.89, 0.03, 0.53, 0.60, 0.00, 0.00, 0.53, 0.00, 0.00, 0.65, 0.12, 0.31, 1.00, 1.00, 0.00, 0.00, 0.00, 1.00, 0.00, 0.00, 0.00, 0.00, 0.00, 1.00, 0.00, 0.00, 0.00, 0.00, 0.00, 0.00
452,  0,  15.048,  0.98,  1,  1.7,  9.4,  346.3,  0.262,  0.108,  -0.017, 2.28, 0.91, 0.00, 0.10, 0.07, 1.02, 0.04, 0.47, 0.67, 0.00, 0.00, 0.57, 0.00, 0.00, 0.49, 0.12, 1.29, 1.00, 1.00, 0.00, 0.00, 0.00, 1.00, 0.00, 0.00, 0.00, 0.00, 0.00, 1.00, 0.00, 0.00, 0.00, 0.00, 0.00, 0.00
453,  0,  15.082,  0.93,  1,  1.8,  9.2,  345.0,  0.216,  0.089,  -0.011, 2.50, 1.07, 0.00, 0.00, 0.07, 1.05, 0.04, 0.39, 0.74, 0.00, 0.00, 0.67, 0.00, 0.00, 0.19, 0.08, 2.38, 1.00, 1.00, 0.00, 0.00, 0.00, 1.00, 0.00, 0.00, 0.00, 0.00, 0.00, 1.00, 0.00, 0.00, 0.00, 0.00, 0.00, 1.00
454,  0,  15.115,  0.93,  1,  2.0,  9.3,  347.3,  0.207,  0.088,  -0.009, 2.69, 1.11, 0.00, 0.00, 0.04, 0.98, 0.01, 0.26, 0.80, 0.00, 0.00, 0.68, 0.00, 0.00, 0.02, 0.00, 3.03, 1.00, 1.00, 0.00, 0.00, 0.00, 1.00, 0.00, 0.00, 0.00, 0.00, 0.00, 1.00, 0.00, 0.00, 0.00, 0.00, 0.00, 1.00
455,  0,  15.148,  0.93,  1,  2.8,  9.7,  347.7,  0.218,  0.086,  -0.006, 2.72, 1.03, 0.00, 0.00, 0.00, 0.82, 0.00, 0.30, 0.83, 0.00, 0.00, 0.76, 0.00, 0.00, 0.00, 0.00, 2.90, 1.00, 1.00, 0.00, 0.00, 0.00, 1.00, 0.00, 0.00, 0.00, 0.00, 0.00, 1.00, 0.00, 0.00, 0.00, 0.00, 0.00, 1.00
456,  0,  15.182,  0.93,  1,  3.6,  10.0,  348.1,  0.236,  0.079,  -0.005, 2.58, 0.98, 0.00, 0.00, 0.00, 0.83, 0.00, 0.35, 0.85, 0.00, 0.00, 0.80, 0.00, 0.00, 0.00, 0.00, 2.56, 1.00, 1.00, 0.00, 0.00, 0.00, 1.00, 0.00, 0.00, 0.00, 0.00, 0.00, 1.00, 0.00, 0.00, 0.00, 0.00, 0.00, 1.00
457,  0,  15.215,  0.93,  1,  4.4,  10.3,  348.1,  0.238,  0.073,  -0.001, 2.49, 0.96, 0.00, 0.00, 0.00, 0.77, 0.00, 0.41, 0.85, 0.00, 0.00, 0.85, 0.00, 0.00, 0.00, 0.00, 2.24, 1.00, 1.00, 0.00, 0.00, 0.00, 1.00, 0.00, 0.00, 0.00, 0.00, 0.00, 1.00, 0.00, 0.00, 0.00, 0.00, 0.00, 1.00
458,  0,  15.249,  0.93,  1,  5.1,  10.6,  347.8,  0.243,  0.067,  0.001, 2.43, 1.12, 0.00, 0.00, 0.00, 0.75, 0.00, 0.40, 0.83, 0.00, 0.00, 0.84, 0.00, 0.00, 0.00, 0.01, 1.96, 1.00, 1.00, 0.00, 0.00, 0.00, 1.00, 0.00, 0.00, 0.00, 0.00, 0.00, 1.00, 0.00, 0.00, 0.00, 0.00, 0.00, 1.00
459,  0,  15.282,  0.93,  1,  6.0,  10.8,  348.0,  0.247,  0.058,  0.002, 2.35, 1.05, 0.00, 0.00, 0.00, 0.68, 0.00, 0.39, 0.83, 0.00, 0.00, 0.79, 0.00, 0.00, 0.00, 0.07, 1.87, 1.00, 1.00, 0.00, 0.00, 0.00, 1.00, 0.00, 0.00, 0.00, 0.00, 0.00, 1.00, 0.00, 0.00, 0.00, 0.00, 0.00, 1.00
460,  0,  15.315,  0.93,  1,  6.9,  11.2,  348.2,  0.254,  0.049,  0.006, 2.21, 0.98, 0.00, 0.00, 0.00, 0.68, 0.00, 0.37, 0.85, 0.00, 0.00, 0.81, 0.00, 0.00, 0.00, 0.07, 1.74, 1.00, 1.00, 0.00, 0.00, 0.00, 1.00, 0.00, 0.00, 0.00, 0.00, 0.00, 1.00, 0.00, 0.00, 0.00, 0.00, 0.00, 1.00
461,  0,  15.349,  0.93,  1,  7.9,  11.7,  348.2,  0.267,  0.039,  0.010, 2.10, 0.77, 0.00, 0.00, 0.00, 0.74, 0.00, 0.33, 0.88, 0.00, 0.00, 0.80, 0.00, 0.00, 0.00, 0.09, 1.80, 1.00, 1.00, 0.00, 0.00, 0.00, 1.00, 0.00, 0.00, 0.00, 0.00, 0.00, 1.00, 0.00, 0.00, 0.00, 0.00, 0.00, 1.00
462,  0,  15.382,  0.93,  1,  9.0,  12.2,  347.2,  0.278,  0.028,  0.015, 2.04, 0.71, 0.00, 0.00, 0.00, 0.82, 0.00, 0.29, 0.93, 0.00, 0.00, 0.80, 0.00, 0.00, 0.00, 0.07, 1.80, 1.00, 1.00, 0.00, 0.00, 0.00, 1.00, 0.00, 0.00, 0.00, 0.00, 0.00, 1.00, 0.00, 0.00, 0.00, 0.00, 0.00, 1.00
463,  0,  15.415,  0.93,  1,  10.7,  13.1,  346.9,  0.287,  0.014,  0.023, 1.87, 0.43, 0.00, 0.00, 0.00, 0.58, 0.00, 0.17, 0.91, 0.00, 0.00, 0.72, 0.00, 0.00, 0.00, 0.21, 1.82, 1.00, 1.00, 0.00, 0.00, 0.00, 1.00, 0.00, 0.00, 0.00, 0.00, 0.00, 1.00, 0.00, 0.00, 0.00, 0.00, 0.00, 1.00
464,  0,  15.449,  0.93,  1,  12.5,  14.5,  346.0,  0.305,  0.000,  0.033, 1.56, 0.22, 0.00, 0.00, 0.00, 0.41, 0.00, 0.09, 0.86, 0.00, 0.00, 0.62, 0.00, 0.01, 0.00, 0.36, 1.61, 1.00, 1.00, 0.00, 0.00, 0.00, 1.00, 0.00, 0.00, 0.00, 0.00, 0.00, 1.00, 0.00, 0.00, 0.00, 0.00, 0.00, 1.00
465,  0,  15.482,  0.93,  1,  14.7,  16.0,  344.0,  0.337,  -0.011,  0.037, 1.34, 0.02, 0.00, 0.00, 0.00, 0.12, 0.00, 0.00, 0.84, 0.00, 0.04, 0.60, 0.00, 0.02, 0.00, 0.54, 1.22, 1.00, 1.00, 0.00, 0.00, 0.00, 1.00, 0.00, 0.00, 0.00, 0.00, 0.00, 1.00, 0.00, 0.00, 0.00, 0.00, 0.00, 1.00
466,  0,  15.516,  0.93,  1,  17.4,  17.7,  342.3,  0.344,  -0.031,  0.045, 1.19, 0.00, 0.00, 0.00, 0.00, 0.07, 0.00, 0.00, 0.92, 0.00, 0.04, 0.58, 0.00, 0.08, 0.00, 0.66, 1.03, 1.00, 1.00, 0.00, 0.00, 0.00, 1.00, 0.00, 0.00, 0.00, 0.00, 0.00, 1.00, 0.00, 0.00, 0.00, 0.00, 0.00, 0.00
467,  0,  15.549,  0.93,  1,  19.5,  19.2,  340.2,  0.348,  -0.048,  0.059, 1.12, 0.00, 0.00, 0.00, 0.00, 0.00, 0.00, 0.00, 1.01, 0.00, 0.04, 0.68, 0.00, 0.14, 0.00, 0.64, 1.01, 1.00, 1.00, 0.00, 0.00, 0.00, 1.00, 0.00, 0.00, 0.00, 0.00, 0.00, 1.00, 0.00, 0.00, 0.00, 0.00, 0.00, 0.00
468,  0,  15.582,  0.93,  1,  21.1,  20.3,  340.9,  0.347,  -0.055,  0.074, 1.08, 0.00, 0.00, 0.00, 0.00, 0.07, 0.00, 0.00, 1.02, 0.00, 0.00, 0.70, 0.00, 0.25, 0.00, 0.53, 1.19, 1.00, 0.00, 0.00, 0.00, 0.00, 1.00, 0.00, 0.00, 0.00, 0.00, 0.00, 1.00, 0.00, 0.00, 0.00, 0.00, 0.00, 0.00
469,  0,  15.616,  0.98,  1,  21.6,  20.6,  339.9,  0.338,  -0.053,  0.077, 1.02, 0.00, 0.00, 0.00, 0.00, 0.07, 0.00, 0.00, 0.99, 0.00, 0.00, 0.80, 0.00, 0.36, 0.00, 0.34, 1.23, 1.00, 0.00, 0.00, 0.00, 0.00, 1.00, 0.00, 0.00, 0.00, 0.00, 0.00, 1.00, 0.00, 0.00, 0.00, 0.00, 0.00, 1.00
470,  0,  15.649,  0.98,  1,  21.1,  20.9,  339.7,  0.330,  -0.046,  0.079, 1.12, 0.00, 0.00, 0.00, 0.00, 0.07, 0.00, 0.00, 0.98, 0.00, 0.00, 0.80, 0.00, 0.42, 0.00, 0.36, 1.26, 1.00, 0.00, 0.00, 0.00, 0.00, 1.00, 0.00, 0.00, 0.00, 0.00, 0.00, 1.00, 0.00, 0.00, 0.00, 0.00, 0.00, 1.00
471,  0,  15.682,  0.98,  1,  20.2,  21.1,  340.0,  0.331,  -0.034,  0.076, 1.14, 0.00, 0.00, 0.00, 0.05, 0.00, 0.00, 0.02, 1.09, 0.00, 0.00, 0.70, 0.00, 0.30, 0.00, 0.49, 1.23, 1.00, 0.00, 0.00, 0.00, 0.00, 1.00, 0.00, 0.00, 0.00, 0.00, 0.00, 1.00, 0.00, 0.00, 0.00, 0.00, 0.00, 1.00
472,  0,  15.716,  0.93,  1,  19.2,  21.1,  340.4,  0.330,  -0.020,  0.071, 1.13, 0.00, 0.00, 0.00, 0.09, 0.00, 0.00, 0.11, 1.23, 0.00, 0.00, 0.53, 0.00, 0.15, 0.00, 0.66, 1.21, 1.00, 0.00, 0.00, 0.00, 0.00, 1.00, 0.00, 0.00, 0.00, 0.00, 0.00, 0.00, 0.00, 0.00, 0.00, 0.00, 0.00, 0.00
473,  0,  15.749,  0.93,  1,  18.1,  21.6,  340.4,  0.352,  -0.007,  0.066, 1.14, 0.00, 0.00, 0.00, 0.20, 0.00, 0.00, 0.27, 1.32, 0.00, 0.00, 0.31, 0.00, 0.02, 0.02, 0.69, 1.20, 1.00, 0.00, 0.00, 0.00, 0.00, 1.00, 0.00, 0.00, 1.00, 0.00, 0.00, 0.00, 0.00, 0.00, 0.00, 0.00, 0.00, 0.00
474,  0,  15.782,  0.93,  1,  17.5,  21.8,  339.1,  0.370,  0.002,  0.059, 1.07, 0.00, 0.00, 0.00, 0.25, 0.00, 0.00, 0.46, 1.30, 0.00, 0.00, 0.18, 0.00, 0.02, 0.08, 0.73, 1.07, 1.00, 0.00, 0.00, 0.00, 0.00, 1.00, 0.00, 0.00, 1.00, 0.00, 0.00, 0.00, 0.00, 0.00, 0.00, 1.00, 0.00, 0.00
475,  0,  15.816,  0.93,  1,  16.8,  22.0,  337.0,  0.390,  0.005,  0.053, 1.05, 0.00, 0.00, 0.00, 0.30, 0.08, 0.00, 0.64, 1.26, 0.00, 0.00, 0.06, 0.00, 0.00, 0.18, 0.79, 0.94, 1.00, 0.00, 0.00, 0.00, 0.00, 1.00, 0.00, 0.00, 1.00, 0.00, 0.00, 0.00, 0.00, 0.00, 0.00, 1.00, 0.00, 0.00
476,  0,  15.849,  0.93,  1,  16.5,  21.8,  336.9,  0.389,  0.011,  0.047, 1.03, 0.00, 0.00, 0.00, 0.25, 0.11, 0.00, 0.70, 1.25, 0.00, 0.00, 0.07, 0.00, 0.00, 0.15, 0.82, 0.76, 1.00, 0.00, 0.00, 0.00, 0.00, 1.00, 0.00, 0.00, 1.00, 0.00, 0.00, 0.00, 0.00, 0.00, 0.00, 1.00, 0.00, 0.00
477,  0,  15.883,  0.93,  1,  16.6,  21.4,  338.8,  0.375,  0.010,  0.040, 1.04, 0.00, 0.00, 0.00, 0.20, 0.11, 0.00, 0.66, 1.26, 0.00, 0.00, 0.17, 0.00, 0.00, 0.11, 0.77, 0.71, 1.00, 0.00, 0.00, 0.00, 0.00, 1.00, 0.00, 0.00, 1.00, 0.00, 0.00, 0.00, 0.00, 0.00, 0.00, 1.00, 0.00, 0.00
478,  0,  15.916,  0.93,  1,  16.4,  21.2,  340.2,  0.371,  0.007,  0.040, 1.10, 0.00, 0.00, 0.00, 0.16, 0.04, 0.00, 0.61, 1.29, 0.00, 0.00, 0.31, 0.00, 0.00, 0.03, 0.77, 0.85, 1.00, 0.00, 0.00, 0.00, 0.00, 1.00, 0.00, 0.00, 1.00, 0.00, 0.00, 0.00, 0.00, 0.00, 0.00, 0.00, 0.00, 0.00
479,  0,  15.949,  0.93,  1,  16.3,  21.0,  340.3,  0.362,  0.011,  0.040, 1.11, 0.00, 0.00, 0.00, 0.12, 0.00, 0.00, 0.59, 1.30, 0.00, 0.00, 0.36, 0.00, 0.00, 0.08, 0.82, 0.90, 1.00, 0.00, 0.00, 0.00, 0.00, 1.00, 0.00, 0.00, 1.00, 0.00, 0.00, 0.00, 0.00, 0.00, 0.00, 0.00, 0.00, 0.00
480,  0,  15.983,  0.93,  1,  16.2,  20.8,  341.1,  0.363,  0.010,  0.041, 1.08, 0.00, 0.00, 0.00, 0.09, 0.00, 0.00, 0.62, 1.29, 0.00, 0.00, 0.38, 0.00, 0.00, 0.10, 0.90, 0.98, 1.00, 0.00, 0.00, 0.00, 0.00, 1.00, 0.00, 0.00, 1.00, 0.00, 0.00, 0.00, 0.00, 0.00, 0.00, 0.00, 0.00, 0.00
481,  0,  16.016,  0.93,  1,  16.0,  20.3,  341.3,  0.354,  0.012,  0.040, 1.05, 0.00, 0.00, 0.00, 0.07, 0.00, 0.00, 0.60, 1.28, 0.00, 0.00, 0.33, 0.00, 0.00, 0.13, 0.91, 0.91, 1.00, 0.00, 0.00, 0.00, 0.00, 1.00, 0.00, 0.00, 1.00, 0.00, 0.00, 0.00, 0.00, 0.00, 0.00, 0.00, 0.00, 0.00
482,  0,  16.049,  0.93,  1,  15.9,  20.0,  341.4,  0.354,  0.011,  0.039, 0.94, 0.00, 0.00, 0.00, 0.09, 0.00, 0.00, 0.53, 1.24, 0.00, 0.00, 0.31, 0.00, 0.00, 0.08, 0.83, 0.96, 1.00, 0.00, 0.00, 0.00, 0.00, 1.00, 0.00, 0.00, 1.00, 0.00, 0.00, 0.00, 0.00, 0.00, 0.00, 0.00, 0.00, 0.00
483,  0,  16.083,  0.93,  1,  15.6,  19.5,  340.7,  0.341,  0.010,  0.039, 0.98, 0.00, 0.00, 0.00, 0.11, 0.10, 0.00, 0.48, 1.19, 0.00, 0.00, 0.33, 0.00, 0.00, 0.04, 0.81, 0.92, 1.00, 0.00, 0.00, 0.00, 0.00, 1.00, 0.00, 0.00, 1.00, 0.00, 0.00, 0.00, 0.00, 0.00, 0.00, 0.00, 0.00, 0.00
484,  0,  16.116,  0.93,  1,  15.0,  19.1,  341.2,  0.336,  0.011,  0.040, 1.00, 0.00, 0.00, 0.00, 0.08, 0.10, 0.00, 0.40, 1.13, 0.00, 0.00, 0.37, 0.00, 0.00, 0.00, 0.75, 0.90, 1.00, 0.00, 0.00, 0.00, 0.00, 1.00, 0.00, 0.00, 1.00, 0.00, 0.00, 0.00, 0.00, 0.00, 0.00, 0.00, 0.00, 0.00
485,  0,  16.149,  0.93,  1,  14.4,  18.4,  339.2,  0.322,  0.012,  0.037, 1.06, 0.00, 0.00, 0.00, 0.05, 0.10, 0.00, 0.43, 1.09, 0.00, 0.00, 0.39, 0.04, 0.02, 0.00, 0.68, 0.91, 1.00, 0.00, 0.00, 0.00, 0.00, 1.00, 0.00, 0.00, 1.00, 0.00, 0.00, 0.00, 0.00, 0.00, 0.00, 0.00, 0.00, 0.00
486,  0,  16.183,  0.93,  1,  13.8,  18.0,  339.5,  0.315,  0.012,  0.037, 1.13, 0.00, 0.00, 0.00, 0.01, 0.00, 0.00, 0.34, 1.05, 0.00, 0.00, 0.31, 0.04, 0.02, 0.00, 0.52, 1.06, 1.00, 0.00, 0.00, 0.00, 0.00, 1.00, 0.00, 0.00, 1.00, 0.00, 0.00, 0.00, 0.00, 0.00, 0.00, 0.00, 0.00, 0.00
487,  0,  16.216,  0.93,  1,  13.3,  17.4,  340.2,  0.311,  0.017,  0.034, 1.21, 0.00, 0.00, 0.00, 0.01, 0.00, 0.00, 0.28, 1.02, 0.00, 0.00, 0.28, 0.06, 0.02, 0.00, 0.46, 1.15, 1.00, 0.00, 0.00, 0.00, 0.00, 1.00, 0.00, 0.00, 1.00, 0.00, 0.00, 0.00, 0.00, 0.00, 0.00, 0.00, 0.00, 0.00
488,  0,  16.250,  0.98,  1,  12.9,  17.0,  339.9,  0.309,  0.016,  0.034, 1.24, 0.00, 0.00, 0.00, 0.01, 0.05, 0.00, 0.19, 0.99, 0.00, 0.00, 0.25, 0.02, 0.00, 0.00, 0.49, 1.25, 1.00, 0.00, 0.00, 0.00, 0.00, 1.00, 0.00, 0.00, 1.00, 0.00, 0.00, 0.00, 0.00, 0.00, 0.00, 0.00, 0.00, 0.00
489,  0,  16.283,  0.93,  1,  12.7,  16.8,  340.5,  0.305,  0.019,  0.033, 1.25, 0.00, 0.00, 0.00, 0.02, 0.10, 0.00, 0.18, 0.96, 0.00, 0.00, 0.27, 0.02, 0.00, 0.00, 0.47, 1.24, 1.00, 0.00, 0.00, 0.00, 0.00, 1.00, 0.00, 0.00, 1.00, 0.00, 0.00, 0.00, 0.00, 0.00, 0.00, 0.00, 0.00, 0.00
490,  0,  16.316,  0.93,  1,  12.4,  16.6,  340.3,  0.303,  0.018,  0.030, 1.23, 0.00, 0.00, 0.00, 0.01, 0.20, 0.00, 0.14, 0.94, 0.00, 0.00, 0.25, 0.00, 0.00, 0.00, 0.45, 1.32, 1.00, 0.00, 0.00, 0.00, 0.00, 1.00, 0.00, 0.00, 1.00, 0.00, 0.00, 0.00, 0.00, 0.00, 0.00, 0.00, 0.00, 0.00
491,  0,  16.350,  0.98,  1,  12.3,  16.6,  340.2,  0.303,  0.017,  0.028, 1.24, 0.00, 0.00, 0.00, 0.01, 0.15, 0.00, 0.13, 0.92, 0.00, 0.00, 0.27, 0.00, 0.00, 0.00, 0.42, 1.22, 1.00, 0.00, 0.00, 0.00, 0.00, 1.00, 0.00, 0.00, 0.00, 0.00, 0.00, 0.00, 0.00, 0.00, 0.00, 0.00, 0.00, 0.00
492,  0,  16.383,  0.93,  1,  12.6,  16.8,  341.1,  0.308,  0.015,  0.024, 1.21, 0.00, 0.00, 0.00, 0.01, 0.10, 0.00, 0.17, 0.90, 0.00, 0.00, 0.27, 0.03, 0.00, 0.00, 0.56, 1.13, 1.00, 0.00, 0.00, 0.00, 0.00, 1.00, 0.00, 0.00, 0.00, 0.00, 0.00, 0.00, 0.00, 0.00, 0.00, 0.00, 0.00, 0.00
493,  0,  16.416,  0.93,  1,  12.6,  17.4,  341.5,  0.319,  0.014,  0.019, 1.22, 0.00, 0.00, 0.00, 0.01, 0.00, 0.00, 0.22, 0.87, 0.00, 0.00, 0.21, 0.03, 0.00, 0.00, 0.71, 1.07, 1.00, 0.00, 0.00, 0.00, 0.00, 1.00, 0.00, 0.00, 0.00, 0.00, 0.00, 0.00, 0.00, 0.00, 0.00, 0.00, 0.00, 0.00
494,  0,  16.450,  0.93,  1,  12.7,  18.0,  341.7,  0.324,  0.017,  0.014, 1.21, 0.00, 0.00, 0.00, 0.01, 0.03, 0.00, 0.24, 0.87, 0.00, 0.01, 0.23, 0.03, 0.00, 0.00, 0.90, 1.14, 1.00, 0.00, 0.00, 0.00, 0.00, 1.00, 0.00, 0.00, 0.00, 0.00, 0.00, 0.00, 0.00, 0.00, 0.00, 0.00, 0.00, 0.00
495,  0,  16.483,  0.93,  1,  12.4,  18.5,  341.3,  0.328,  0.022,  0.009, 1.28, 0.00, 0.00, 0.00, 0.02, 0.13, 0.00, 0.28, 0.86, 0.00, 0.01, 0.27, 0.00, 0.00, 0.00, 0.97, 1.21, 1.00, 0.00, 0.00, 0.00, 0.00, 1.00, 0.00, 0.00, 0.00, 0.00, 0.00, 0.00, 0.00, 0.00, 0.00, 0.00, 0.00, 0.00
496,  0,  16.517,  0.93,  1,  12.1,  18.8,  342.0,  0.336,  0.028,  0.005, 1.35, 0.00, 0.00, 0.00, 0.02, 0.17, 0.00, 0.35, 0.83, 0.00, 0.01, 0.36, 0.03, 0.00, 0.00, 0.98, 1.23, 1.00, 0.00, 0.00, 0.00, 0.00, 1.00, 0.00, 0.00, 0.00, 0.00, 0.00, 0.00, 0.00, 0.00, 0.00, 0.00, 0.00, 0.00
497,  0,  16.550,  0.93,  1,  11.8,  19.0,  341.6,  0.341,  0.031,  0.002, 1.47, 0.00, 0.00, 0.00, 0.02, 0.25, 0.00, 0.37, 0.81, 0.00, 0.01, 0.33, 0.05, 0.00, 0.00, 0.95, 1.22, 1.00, 0.00, 0.00, 0.00, 0.00, 1.00, 0.00, 0.00, 0.00, 0.00, 0.00, 0.00, 0.00, 0.00, 0.00, 0.00, 0.00, 0.00
498,  0,  16.583,  0.93,  1,  11.3,  19.0,  341.1,  0.338,  0.033,  0.001, 1.41, 0.00, 0.00, 0.00, 0.00, 0.19, 0.00, 0.31, 0.77, 0.00, 0.01, 0.30, 0.05, 0.00, 0.00, 0.89, 1.21, 1.00, 0.00, 0.00, 0.00, 0.00, 1.00, 0.00, 0.00, 0.00, 0.00, 0.00, 0.00, 0.00, 0.00, 0.00, 0.00, 0.00, 0.00
499,  0,  16.617,  0.93,  1,  11.1,  18.9,  342.0,  0.336,  0.036,  -0.001, 1.34, 0.00, 0.00, 0.00, 0.00, 0.20, 0.00, 0.21, 0.72, 0.00, 0.01, 0.33, 0.03, 0.00, 0.00, 0.79, 1.18, 1.00, 0.00, 0.00, 0.00, 0.00, 1.00, 0.00, 0.00, 0.00, 0.00, 0.00, 0.00, 0.00, 0.00, 0.00, 0.00, 0.00, 0.00
500,  0,  16.650,  0.93,  1,  10.5,  18.7,  341.8,  0.338,  0.039,  -0.002, 1.26, 0.00, 0.00, 0.00, 0.00, 0.26, 0.00, 0.14, 0.69, 0.00, 0.04, 0.39, 0.02, 0.00, 0.00, 0.67, 1.16, 1.00, 0.00, 0.00, 0.00, 0.00, 1.00, 0.00, 0.00, 0.00, 0.00, 0.00, 0.00, 0.00, 0.00, 0.00, 0.00, 0.00, 0.00
501,  0,  16.683,  0.93,  1,  10.3,  18.2,  340.5,  0.324,  0.036,  -0.002, 1.35, 0.00, 0.00, 0.00, 0.00, 0.28, 0.00, 0.08, 0.69, 0.00, 0.04, 0.44, 0.02, 0.00, 0.00, 0.62, 1.01, 1.00, 0.00, 0.00, 0.00, 0.00, 1.00, 0.00, 0.00, 0.00, 0.00, 0.00, 0.00, 0.00, 0.00, 0.00, 0.00, 0.00, 0.00
502,  0,  16.717,  0.93,  1,  10.1,  18.1,  341.9,  0.316,  0.037,  -0.003, 1.37, 0.00, 0.00, 0.00, 0.00, 0.27, 0.00, 0.04, 0.71, 0.00, 0.03, 0.46, 0.02, 0.00, 0.00, 0.59, 0.91, 1.00, 0.00, 0.00, 0.00, 0.00, 1.00, 0.00, 0.00, 0.00, 0.00, 0.00, 1.00, 0.00, 0.00, 0.00, 0.00, 0.00, 0.00
503,  0,  16.750,  0.93,  1,  9.6,  17.8,  341.7,  0.315,  0.040,  -0.004, 1.39, 0.00, 0.00, 0.00, 0.00, 0.10, 0.00, 0.00, 0.68, 0.00, 0.00, 0.50, 0.00, 0.02, 0.00, 0.57, 0.79, 1.00, 0.00, 0.00, 0.00, 0.00, 1.00, 0.00, 0.00, 0.00, 0.00, 0.00, 1.00, 0.00, 0.00, 0.00, 0.00, 0.00, 0.00
504,  0,  16.783,  0.93,  1,  9.3,  17.6,  341.8,  0.307,  0.040,  -0.004, 1.29, 0.00, 0.00, 0.00, 0.00, 0.04, 0.00, 0.00, 0.61, 0.00, 0.00, 0.55, 0.00, 0.11, 0.00, 0.46, 0.82, 1.00, 0.00, 0.00, 0.00, 0.00, 1.00, 0.00, 0.00, 0.00, 0.00, 0.00, 1.00, 0.00, 0.00, 0.00, 0.00, 0.00, 0.00
505,  0,  16.817,  0.93,  1,  8.8,  17.3,  340.7,  0.300,  0.045,  -0.007, 1.27, 0.00, 0.00, 0.00, 0.00, 0.00, 0.00, 0.00, 0.54, 0.00, 0.00, 0.60, 0.00, 0.22, 0.00, 0.42, 0.81, 1.00, 0.00, 0.00, 0.00, 0.00, 1.00, 0.00, 0.00, 0.00, 0.00, 0.00, 1.00, 0.00, 0.00, 0.00, 0.00, 0.00, 0.00
506,  0,  16.850,  0.93,  1,  8.3,  17.1,  340.4,  0.297,  0.047,  -0.010, 1.30, 0.00, 0.00, 0.00, 0.00, 0.00, 0.00, 0.00, 0.49, 0.00, 0.00, 0.68, 0.00, 0.34, 0.00, 0.27, 0.70, 1.00, 0.00, 0.00, 0.00, 0.00, 1.00, 0.00, 0.00, 0.00, 0.00, 0.00, 1.00, 0.00, 0.00, 0.00, 0.00, 0.00, 0.00
507,  0,  16.884,  0.93,  1,  7.9,  16.7,  340.1,  0.288,  0.046,  -0.013, 1.38, 0.00, 0.00, 0.00, 0.00, 0.00, 0.00, 0.00, 0.47, 0.00, 0.00, 0.76, 0.00, 0.39, 0.00, 0.20, 0.59, 1.00, 0.00, 0.00, 0.00, 0.00, 1.00, 0.00, 0.00, 0.00, 0.00, 0.00, 1.00, 0.00, 0.00, 0.00, 0.00, 0.00, 0.00
508,  0,  16.917,  0.93,  1,  7.6,  16.5,  340.5,  0.293,  0.050,  -0.014, 1.48, 0.00, 0.00, 0.00, 0.00, 0.00, 0.00, 0.00, 0.44, 0.00, 0.00, 0.83, 0.04, 0.39, 0.00, 0.10, 0.58, 1.00, 0.00, 0.00, 0.00, 0.00, 1.00, 0.00, 0.00, 0.00, 0.00, 0.00, 1.00, 0.00, 0.00, 0.00, 0.00, 0.00, 0.00
509,  0,  16.950,  0.98,  1,  7.4,  16.3,  340.8,  0.296,  0.051,  -0.015, 1.53, 0.00, 0.00, 0.00, 0.00, 0.15, 0.00, 0.00, 0.48, 0.00, 0.00, 0.85, 0.04, 0.28, 0.00, 0.16, 0.57, 1.00, 0.00, 0.00, 0.00, 0.00, 1.00, 0.00, 0.00, 0.00, 0.00, 0.00, 1.00, 0.00, 0.00, 0.00, 0.00, 0.00, 0.00
510,  0,  16.984,  0.93,  1,  7.2,  16.3,  340.0,  0.305,  0.055,  -0.017, 1.60, 0.02, 0.00, 0.00, 0.00, 0.37, 0.00, 0.00, 0.50, 0.00, 0.00, 0.78, 0.04, 0.15, 0.00, 0.26, 0.63, 1.00, 0.00, 0.00, 0.00, 0.00, 1.00, 0.00, 0.00, 0.00, 0.00, 0.00, 1.00, 0.00, 0.00, 0.00, 0.00, 0.00, 0.00
511,  0,  17.017,  0.93,  1,  7.0,  16.4,  339.8,  0.310,  0.059,  -0.020, 1.76, 0.05, 0.00, 0.00, 0.04, 0.71, 0.00, 0.13, 0.58, 0.00, 0.00, 0.82, 0.00, 0.03, 0.00, 0.32, 1.24, 1.00, 0.00, 0.00, 0.00, 0.00, 1.00, 0.00, 0.00, 0.00, 0.00, 0.00, 1.00, 0.00, 0.00, 0.00, 0.00, 0.00, 0.00
512,  0,  17.050,  0.93,  1,  7.0,  16.9,  343.0,  0.339,  0.069,  -0.023, 2.09, 0.13, 0.00, 0.00, 0.04, 0.74, 0.00, 0.16, 0.60, 0.00, 0.00, 0.84, 0.00, 0.00, 0.00, 0.32, 2.21, 1.00, 0.00, 0.00, 0.00, 0.00, 1.00, 0.00, 0.00, 0.00, 0.00, 0.00, 1.00, 0.00, 0.00, 0.00, 0.00, 0.00, 1.00
513,  0,  17.084,  0.88,  1,  7.3,  16.4,  343.1,  0.300,  0.054,  -0.023, 2.37, 0.24, 0.00, 0.00, 0.04, 0.90, 0.00, 0.23, 0.67, 0.00, 0.00, 0.90, 0.00, 0.00, 0.00, 0.38, 3.03, 1.00, 1.00, 0.00, 0.00, 0.00, 1.00, 0.00, 0.00, 0.00, 0.00, 0.00, 1.00, 0.00, 0.00, 0.00, 0.00, 0.00, 1.00
514,  0,  17.117,  0.93,  1,  7.9,  15.6,  341.8,  0.293,  0.041,  -0.026, 2.56, 0.51, 0.00, 0.00, 0.02, 1.03, 0.00, 0.29, 0.70, 0.00, 0.00, 0.88, 0.00, 0.00, 0.00, 0.65, 2.73, 1.00, 1.00, 0.00, 0.00, 0.00, 1.00, 0.00, 0.00, 0.00, 0.00, 0.00, 1.00, 0.00, 0.00, 0.00, 0.00, 0.00, 1.00
515,  0,  17.150,  0.93,  1,  8.5,  15.0,  342.1,  0.306,  0.039,  -0.029, 2.64, 0.78, 0.00, 0.00, 0.02, 1.41, 0.00, 0.40, 0.73, 0.00, 0.02, 0.75, 0.00, 0.00, 0.00, 0.88, 1.72, 1.00, 1.00, 0.00, 0.00, 0.00, 1.00, 0.00, 0.00, 0.00, 0.00, 0.00, 1.00, 0.00, 0.00, 0.00, 0.00, 0.00, 1.00
516,  0,  17.184,  0.98,  1,  9.1,  14.4,  340.7,  0.337,  0.025,  -0.029, 2.65, 0.94, 0.00, 0.00, 0.02, 1.33, 0.00, 0.38, 0.74, 0.00, 0.02, 0.61, 0.00, 0.00, 0.00, 0.87, 0.67, 1.00, 1.00, 0.00, 0.00, 0.00, 1.00, 0.00, 0.00, 0.00, 0.00, 0.00, 0.00, 0.00, 0.00, 0.00, 0.00, 0.00, 1.00
517,  0,  17.217,  0.93,  1,  9.8,  12.6,  342.2,  0.289,  0.017,  -0.027, 2.59, 0.81, 0.00, 0.00, 0.00, 1.09, 0.00, 0.19, 0.68, 0.00, 0.06, 0.42, 0.17, 0.00, 0.00, 0.71, 0.11, 1.00, 1.00, 0.00, 0.00, 0.00, 1.00, 0.00, 0.00, 0.00, 0.00, 0.00, 0.00, 0.00, 0.00, 0.00, 0.00, 0.00, 0.00
518,  0,  17.251,  0.98,  1,  10.4,  10.9,  343.3,  0.259,  0.006,  -0.028, 2.48, 0.74, 0.00, 0.00, 0.00, 0.73, 0.00, 0.04, 0.65, 0.00, 0.10, 0.35, 0.28, 0.00, 0.00, 0.50, 0.00, 1.00, 1.00, 0.00, 0.00, 0.00, 1.00, 0.00, 0.00, 0.00, 0.00, 0.00, 0.00, 0.00, 0.00, 0.00, 0.00, 0.00, 0.00
519,  0,  17.284,  0.93,  1,  10.6,  9.6,  342.4,  0.243,  0.002,  -0.030, 2.49, 0.75, 0.00, 0.00, 0.00, 0.52, 0.00, 0.00, 0.58, 0.00, 0.15, 0.28, 0.32, 0.00, 0.00, 0.36, 0.00, 1.00, 1.00, 0.00, 0.00, 0.00, 1.00, 0.00, 0.00, 0.00, 0.00, 0.00, 0.00, 0.00, 0.00, 0.00, 0.00, 0.00, 0.00
520,  0,  17.317,  0.98,  1,  10.6,  8.7,  342.3,  0.236,  0.006,  -0.035, 2.54, 0.85, 0.00, 0.00, 0.00, 0.47, 0.00, 0.00, 0.56, 0.00, 0.17, 0.31, 0.21, 0.00, 0.00, 0.16, 0.00, 1.00, 1.00, 0.00, 0.00, 0.00, 1.00, 0.00, 0.00, 0.00, 0.00, 0.00, 0.00, 0.00, 0.00, 0.00, 0.00, 0.00, 0.00
521,  0,  17.351,  0.93,  1,  10.4,  8.0,  342.1,  0.241,  0.011,  -0.039, 2.58, 0.85, 0.00, 0.00, 0.00, 0.54, 0.00, 0.00, 0.51, 0.00, 0.15, 0.39, 0.18, 0.00, 0.00, 0.00, 0.00, 1.00, 1.00, 0.00, 0.00, 0.00, 1.00, 0.00, 0.00, 0.00, 0.00, 1.00, 0.00, 0.00, 0.00, 0.00, 0.00, 0.00, 0.00
